Date,Pattern,Signal
2000-01-18,CDLSPINNINGTOP,100
2000-01-24,CDLDOJI,100
2000-01-24,CDLSHORTLINE,100
2000-01-25,CDLDOJI,100
2000-01-25,CDLSHORTLINE,100
2000-01-26,CDLDOJI,100
2000-01-26,CDLSHORTLINE,100
2000-01-27,CDLDOJI,100
2000-01-27,CDLSHORTLINE,100
2000-01-28,CDLBELTHOLD,-100
2000-01-28,CDLLONGLINE,-100
2000-01-28,CDLMARUBOZU,-100
2000-01-28,CDLCLOSINGMARUBOZU,-100
2000-01-28,CDLENGULFING,-100
2000-01-31,CDLCLOSINGMARUBOZU,100
2000-01-31,CDL3OUTSIDE,-100
2000-02-01,CDLBELTHOLD,-100
2000-02-02,CDLDOJI,100
2000-02-02,CDLSHORTLINE,100
2000-02-03,CDLSHORTLINE,100
2000-02-03,CDLDOJI,100
2000-02-04,CDLSHORTLINE,100
2000-02-04,CDLDOJI,100
2000-02-07,CDLSHORTLINE,100
2000-02-07,CDLDOJI,100
2000-02-08,CDLSHORTLINE,100
2000-02-08,CDLDOJI,100
2000-02-09,CDLCLOSINGMARUBOZU,100
2000-02-10,CDLCLOSINGMARUBOZU,100
2000-02-11,CDLHANGINGMAN,-100
2000-02-11,CDLTAKURI,100
2000-02-11,CDLLONGLEGGEDDOJI,100
2000-02-11,CDLDOJISTAR,-100
2000-02-11,CDLDRAGONFLYDOJI,100
2000-02-11,CDLDOJI,100
2000-02-14,CDLHANGINGMAN,-100
2000-02-15,CDLBELTHOLD,-100
2000-02-15,CDLENGULFING,-100
2000-02-16,CDLCLOSINGMARUBOZU,100
2000-02-17,CDLHIGHWAVE,100
2000-02-17,CDLSPINNINGTOP,100
2000-02-22,CDLLONGLINE,-100
2000-02-22,CDLCLOSINGMARUBOZU,-100
2000-02-23,CDLINVERTEDHAMMER,100
2000-02-24,CDLLONGLINE,100
2000-02-24,CDLCLOSINGMARUBOZU,100
2000-02-25,CDLBELTHOLD,-100
2000-02-25,CDLMARUBOZU,-100
2000-02-25,CDLCLOSINGMARUBOZU,-100
2000-02-25,CDLLONGLINE,-100
2000-02-28,CDLDOJI,100
2000-02-28,CDLSHORTLINE,100
2000-03-01,CDLBELTHOLD,100
2000-03-01,CDLLONGLINE,100
2000-03-01,CDLCLOSINGMARUBOZU,100
2000-03-01,CDLMARUBOZU,100
2000-03-02,CDLDOJISTAR,-100
2000-03-02,CDLSPINNINGTOP,100
2000-03-02,CDLRICKSHAWMAN,100
2000-03-02,CDLDOJI,100
2000-03-02,CDLLONGLEGGEDDOJI,100
2000-03-02,CDLHIKKAKE,-100
2000-03-02,CDLHIGHWAVE,100
2000-03-03,CDLADVANCEBLOCK,-100
2000-03-06,CDLSHORTLINE,100
2000-03-07,CDLDOJI,100
2000-03-07,CDLSHORTLINE,100
2000-03-08,CDLSHORTLINE,100
2000-03-08,CDLDOJI,100
2000-03-09,CDLDOJI,100
2000-03-09,CDLSHORTLINE,100
2000-03-10,CDLDOJI,100
2000-03-10,CDLSHORTLINE,100
2000-03-13,CDLTAKURI,100
2000-03-13,CDLHANGINGMAN,-100
2000-03-13,CDLDRAGONFLYDOJI,100
2000-03-13,CDLLONGLEGGEDDOJI,100
2000-03-13,CDLDOJI,100
2000-03-14,CDLDOJI,100
2000-03-14,CDLLONGLEGGEDDOJI,100
2000-03-14,CDLSPINNINGTOP,100
2000-03-14,CDLHIGHWAVE,100
2000-03-15,CDLINVERTEDHAMMER,100
2000-03-15,CDLDOJI,100
2000-03-15,CDLTRISTAR,-100
2000-03-15,CDLLONGLEGGEDDOJI,100
2000-03-15,CDLGRAVESTONEDOJI,100
2000-03-16,CDLSHORTLINE,100
2000-03-16,CDLHIKKAKE,100
2000-03-16,CDLDOJI,100
2000-03-17,CDLINVERTEDHAMMER,100
2000-03-17,CDLDOJI,100
2000-03-17,CDLGRAVESTONEDOJI,100
2000-03-17,CDLLONGLEGGEDDOJI,100
2000-03-20,CDLSHORTLINE,100
2000-03-20,CDLDOJI,100
2000-03-21,CDLLONGLINE,100
2000-03-21,CDLMARUBOZU,100
2000-03-21,CDLBELTHOLD,100
2000-03-21,CDLCLOSINGMARUBOZU,100
2000-03-22,CDLCLOSINGMARUBOZU,100
2000-03-23,CDLSHORTLINE,100
2000-03-27,CDLLONGLINE,100
2000-03-27,CDLBELTHOLD,100
2000-03-27,CDLCLOSINGMARUBOZU,100
2000-03-27,CDLMARUBOZU,100
2000-03-28,CDLDOJI,100
2000-03-28,CDLDOJISTAR,-100
2000-03-28,CDLSHORTLINE,100
2000-03-29,CDLBELTHOLD,-100
2000-03-31,CDLINNECK,-100
2000-03-31,CDLHIKKAKE,100
2000-03-31,CDLCLOSINGMARUBOZU,100
2000-03-31,CDLCOUNTERATTACK,100
2000-04-03,CDLSHORTLINE,100
2000-04-03,CDLDOJI,100
2000-04-04,CDLSHORTLINE,100
2000-04-04,CDLDOJI,100
2000-04-05,CDLSHOOTINGSTAR,-100
2000-04-07,CDLLONGLINE,100
2000-04-07,CDLCLOSINGMARUBOZU,100
2000-04-10,CDLSHORTLINE,100
2000-04-10,CDLDOJI,100
2000-04-10,CDLDOJISTAR,-100
2000-04-11,CDLBELTHOLD,-100
2000-04-11,CDLLONGLINE,-100
2000-04-12,CDLCLOSINGMARUBOZU,-100
2000-04-12,CDLBELTHOLD,-100
2000-04-12,CDLMARUBOZU,-100
2000-04-12,CDLLONGLINE,-100
2000-04-13,CDLSHORTLINE,100
2000-04-13,CDLDOJI,100
2000-04-13,CDLDOJISTAR,100
2000-04-14,CDLINVERTEDHAMMER,100
2000-04-14,CDLLONGLEGGEDDOJI,100
2000-04-14,CDLGRAVESTONEDOJI,100
2000-04-14,CDLDOJI,100
2000-04-17,CDLBELTHOLD,100
2000-04-18,CDLBELTHOLD,-100
2000-04-19,CDLBELTHOLD,-100
2000-04-19,CDL2CROWS,-100
2000-04-20,CDLCLOSINGMARUBOZU,100
2000-04-20,CDLTHRUSTING,-100
2000-04-21,CDLLONGLEGGEDDOJI,100
2000-04-21,CDLHARAMI,-100
2000-04-21,CDLDOJI,100
2000-04-21,CDLHARAMICROSS,-100
2000-04-21,CDLDRAGONFLYDOJI,100
2000-04-21,CDLTAKURI,100
2000-04-24,CDLLONGLINE,-100
2000-04-24,CDLMARUBOZU,-100
2000-04-24,CDL3INSIDE,-100
2000-04-24,CDLBELTHOLD,-100
2000-04-24,CDLCLOSINGMARUBOZU,-100
2000-04-24,CDLSEPARATINGLINES,-100
2000-04-25,CDLINVERTEDHAMMER,100
2000-04-26,CDLCLOSINGMARUBOZU,-100
2000-04-28,CDLENGULFING,100
2000-04-28,CDLCLOSINGMARUBOZU,100
2000-05-01,CDLSHORTLINE,100
2000-05-01,CDLDOJI,100
2000-05-02,CDLENGULFING,-100
2000-05-03,CDLINVERTEDHAMMER,100
2000-05-03,CDLLONGLEGGEDDOJI,100
2000-05-03,CDLGRAVESTONEDOJI,100
2000-05-03,CDL3OUTSIDE,-100
2000-05-03,CDLDOJI,100
2000-05-05,CDLLONGLINE,100
2000-05-05,CDLBELTHOLD,100
2000-05-05,CDLCLOSINGMARUBOZU,100
2000-05-05,CDLMARUBOZU,100
2000-05-08,CDLHIKKAKE,-100
2000-05-09,CDLSHORTLINE,100
2000-05-09,CDLDOJI,100
2000-05-12,CDLBELTHOLD,-100
2000-05-15,CDLCLOSINGMARUBOZU,-100
2000-05-15,CDLMARUBOZU,-100
2000-05-15,CDLBELTHOLD,-100
2000-05-15,CDLLONGLINE,-100
2000-05-16,CDLHAMMER,100
2000-05-16,CDLTHRUSTING,-100
2000-05-17,CDLBELTHOLD,100
2000-05-18,CDLINVERTEDHAMMER,100
2000-05-19,CDLBELTHOLD,100
2000-05-22,CDLDOJI,100
2000-05-22,CDLINVERTEDHAMMER,100
2000-05-22,CDLLONGLEGGEDDOJI,100
2000-05-22,CDLGRAVESTONEDOJI,100
2000-05-23,CDLCLOSINGMARUBOZU,-100
2000-05-23,CDLLONGLINE,-100
2000-05-24,CDLDOJI,100
2000-05-24,CDLINVERTEDHAMMER,100
2000-05-24,CDLGRAVESTONEDOJI,100
2000-05-24,CDLLONGLEGGEDDOJI,100
2000-05-24,CDLDOJISTAR,100
2000-05-25,CDLHIGHWAVE,-100
2000-05-25,CDLDOJI,100
2000-05-25,CDLSPINNINGTOP,-100
2000-05-25,CDLRICKSHAWMAN,100
2000-05-25,CDLLONGLEGGEDDOJI,100
2000-05-29,CDLSPINNINGTOP,100
2000-05-29,CDLHIGHWAVE,100
2000-05-30,CDLDOJI,100
2000-05-30,CDLSHORTLINE,100
2000-05-31,CDLHIKKAKE,-100
2000-05-31,CDLLONGLINE,100
2000-05-31,CDLCLOSINGMARUBOZU,100
2000-05-31,CDLMARUBOZU,100
2000-05-31,CDLBELTHOLD,100
2000-06-01,CDLBELTHOLD,-100
2000-06-01,CDLLONGLINE,-100
2000-06-06,CDLDOJI,100
2000-06-06,CDLSHORTLINE,100
2000-06-07,CDLCLOSINGMARUBOZU,100
2000-06-08,CDLSPINNINGTOP,-100
2000-06-08,CDLHIGHWAVE,-100
2000-06-09,CDLSPINNINGTOP,-100
2000-06-09,CDLHIGHWAVE,-100
2000-06-12,CDLBELTHOLD,-100
2000-06-13,CDLINVERTEDHAMMER,100
2000-06-15,CDLCLOSINGMARUBOZU,-100
2000-06-15,CDLLONGLINE,-100
2000-06-16,CDLHARAMI,100
2000-06-21,CDLCLOSINGMARUBOZU,-100
2000-06-21,CDLBELTHOLD,-100
2000-06-21,CDLMARUBOZU,-100
2000-06-21,CDLLONGLINE,-100
2000-06-22,CDLTHRUSTING,-100
2000-06-28,CDLHIGHWAVE,-100
2000-06-28,CDLSPINNINGTOP,-100
2000-06-30,CDLHIGHWAVE,100
2000-06-30,CDLSPINNINGTOP,100
2000-07-03,CDLDOJI,100
2000-07-03,CDLSHORTLINE,100
2000-07-04,CDLDOJI,100
2000-07-04,CDLSHORTLINE,100
2000-07-05,CDLSHORTLINE,100
2000-07-05,CDLDOJI,100
2000-07-06,CDLDOJI,100
2000-07-06,CDLSHORTLINE,100
2000-07-07,CDLSHORTLINE,100
2000-07-07,CDLDOJI,100
2000-07-10,CDLDOJI,100
2000-07-10,CDLSHORTLINE,100
2000-07-11,CDLDOJI,100
2000-07-11,CDLSHORTLINE,100
2000-07-12,CDLSHORTLINE,100
2000-07-12,CDLDOJI,100
2000-07-13,CDLDOJI,100
2000-07-13,CDLSHORTLINE,100
2000-07-14,CDLSHORTLINE,100
2000-07-14,CDLDOJI,100
2000-07-17,CDLDOJI,100
2000-07-18,CDLDOJI,100
2000-07-19,CDLDOJI,100
2000-07-20,CDLDOJI,100
2000-07-21,CDLDOJI,100
2000-07-24,CDLDOJI,100
2000-07-25,CDLDOJI,100
2000-07-26,CDLDOJI,100
2000-07-27,CDLDOJI,100
2000-07-28,CDLDOJI,100
2000-07-31,CDLDOJI,100
2000-08-01,CDLDOJI,100
2000-08-02,CDLDOJI,100
2000-08-03,CDLDOJI,100
2000-08-04,CDLDOJI,100
2000-08-07,CDLDOJI,100
2000-08-08,CDLDOJI,100
2000-08-09,CDLDOJI,100
2000-08-10,CDLDOJI,100
2000-08-11,CDLDOJI,100
2000-08-14,CDLDOJI,100
2000-08-15,CDLDOJI,100
2000-08-16,CDLDOJI,100
2000-08-17,CDLDOJI,100
2000-08-18,CDLDOJI,100
2000-08-21,CDLDOJI,100
2000-08-22,CDLDOJI,100
2000-08-23,CDLDOJI,100
2000-08-24,CDLDOJI,100
2000-08-25,CDLDOJI,100
2000-08-28,CDLDOJI,100
2000-08-29,CDLDOJI,100
2000-08-30,CDLDOJI,100
2000-08-31,CDLDOJI,100
2000-09-01,CDLDOJI,100
2000-09-04,CDLDOJI,100
2000-09-05,CDLDOJI,100
2000-09-06,CDLDOJI,100
2000-09-07,CDLDOJI,100
2000-09-08,CDLDOJI,100
2000-09-11,CDLDOJI,100
2000-09-12,CDLDOJI,100
2000-09-14,CDLBELTHOLD,-100
2000-09-15,CDLCLOSINGMARUBOZU,-100
2000-09-18,CDLINVERTEDHAMMER,100
2000-09-19,CDLGRAVESTONEDOJI,100
2000-09-19,CDLINVERTEDHAMMER,100
2000-09-19,CDLLONGLEGGEDDOJI,100
2000-09-19,CDLDOJI,100
2000-09-22,CDLBELTHOLD,-100
2000-09-22,CDLLONGLINE,-100
2000-09-25,CDLSHORTLINE,100
2000-09-25,CDLHARAMI,100
2000-09-26,CDL3INSIDE,100
2000-09-26,CDLCLOSINGMARUBOZU,100
2000-09-27,CDLHARAMI,-100
2000-09-27,CDLHIGHWAVE,100
2000-09-27,CDLHARAMICROSS,-100
2000-09-27,CDLDOJI,100
2000-09-27,CDLLONGLEGGEDDOJI,100
2000-09-27,CDLSPINNINGTOP,100
2000-09-27,CDLRICKSHAWMAN,100
2000-09-28,CDLSHOOTINGSTAR,-100
2000-09-28,CDLDOJI,100
2000-09-28,CDLLONGLEGGEDDOJI,100
2000-09-28,CDLGRAVESTONEDOJI,100
2000-09-29,CDLBELTHOLD,-100
2000-09-29,CDLHIKKAKE,100
2000-09-29,CDLLONGLINE,-100
2000-09-29,CDLENGULFING,-100
2000-10-02,CDLLONGLEGGEDDOJI,100
2000-10-02,CDLSPINNINGTOP,100
2000-10-02,CDL3OUTSIDE,-100
2000-10-02,CDLDOJISTAR,100
2000-10-02,CDLRICKSHAWMAN,100
2000-10-02,CDLHIGHWAVE,100
2000-10-02,CDLDOJI,100
2000-10-03,CDLLONGLEGGEDDOJI,100
2000-10-03,CDLRICKSHAWMAN,100
2000-10-03,CDLSHORTLINE,-100
2000-10-03,CDLHIGHWAVE,-100
2000-10-03,CDLDOJI,100
2000-10-03,CDLSPINNINGTOP,-100
2000-10-04,CDLSHORTLINE,100
2000-10-04,CDLDOJI,100
2000-10-05,CDLGRAVESTONEDOJI,100
2000-10-05,CDLDOJI,100
2000-10-05,CDLINVERTEDHAMMER,100
2000-10-05,CDLLONGLEGGEDDOJI,100
2000-10-06,CDLCLOSINGMARUBOZU,100
2000-10-06,CDLLONGLINE,100
2000-10-09,CDLSHORTLINE,-100
2000-10-10,CDLDOJI,100
2000-10-10,CDLSHORTLINE,100
2000-10-11,CDLDOJI,100
2000-10-11,CDLSHORTLINE,100
2000-10-12,CDLLONGLEGGEDDOJI,100
2000-10-12,CDLGRAVESTONEDOJI,100
2000-10-12,CDLDOJI,100
2000-10-12,CDLINVERTEDHAMMER,100
2000-10-13,CDLBELTHOLD,100
2000-10-13,CDLLONGLINE,100
2000-10-16,CDLDOJI,100
2000-10-16,CDLSHORTLINE,100
2000-10-17,CDLSPINNINGTOP,100
2000-10-17,CDLHIKKAKE,100
2000-10-17,CDLHIGHWAVE,100
2000-10-18,CDLCLOSINGMARUBOZU,-100
2000-10-19,CDLLONGLEGGEDDOJI,100
2000-10-19,CDLGRAVESTONEDOJI,100
2000-10-19,CDLDOJISTAR,100
2000-10-19,CDLINVERTEDHAMMER,100
2000-10-19,CDLDOJI,100
2000-10-20,CDLDOJI,100
2000-10-20,CDLDRAGONFLYDOJI,100
2000-10-20,CDLTAKURI,100
2000-10-20,CDLLONGLEGGEDDOJI,100
2000-10-20,CDLHANGINGMAN,-100
2000-10-23,CDLBELTHOLD,-100
2000-10-23,CDLMARUBOZU,-100
2000-10-23,CDLLONGLINE,-100
2000-10-23,CDLENGULFING,-100
2000-10-23,CDLCLOSINGMARUBOZU,-100
2000-10-24,CDLENGULFING,100
2000-10-24,CDLCLOSINGMARUBOZU,100
2000-10-24,CDLBELTHOLD,100
2000-10-24,CDLLONGLINE,100
2000-10-24,CDLMARUBOZU,100
2000-10-25,CDLCLOSINGMARUBOZU,100
2000-10-25,CDL3OUTSIDE,100
2000-10-27,CDLSHORTLINE,100
2000-10-27,CDLDOJI,100
2000-10-30,CDLHIKKAKE,100
2000-10-30,CDLSHORTLINE,100
2000-10-30,CDLDOJI,100
2000-10-31,CDLDOJI,100
2000-10-31,CDLSHORTLINE,100
2000-11-01,CDLDOJI,100
2000-11-01,CDLINVERTEDHAMMER,100
2000-11-01,CDLLONGLEGGEDDOJI,100
2000-11-01,CDLGRAVESTONEDOJI,100
2000-11-02,CDLBELTHOLD,100
2000-11-02,CDLLONGLINE,100
2000-11-06,CDLDOJISTAR,100
2000-11-06,CDLSHORTLINE,100
2000-11-06,CDLDOJI,100
2000-11-07,CDLINVERTEDHAMMER,100
2000-11-08,CDLMARUBOZU,100
2000-11-08,CDLCLOSINGMARUBOZU,100
2000-11-08,CDLLONGLINE,100
2000-11-08,CDLBELTHOLD,100
2000-11-09,CDLHANGINGMAN,-100
2000-11-09,CDLLONGLEGGEDDOJI,100
2000-11-09,CDLDOJI,100
2000-11-09,CDLTAKURI,100
2000-11-09,CDLDRAGONFLYDOJI,100
2000-11-09,CDLDOJISTAR,-100
2000-11-10,CDLCLOSINGMARUBOZU,100
2000-11-13,CDLSPINNINGTOP,100
2000-11-13,CDLHIGHWAVE,100
2000-11-15,CDLLONGLINE,-100
2000-11-15,CDLENGULFING,-100
2000-11-15,CDLCLOSINGMARUBOZU,-100
2000-11-16,CDLBELTHOLD,-100
2000-11-16,CDLMARUBOZU,-100
2000-11-16,CDLCLOSINGMARUBOZU,-100
2000-11-16,CDLLONGLINE,-100
2000-11-16,CDL3OUTSIDE,-100
2000-11-20,CDLSEPARATINGLINES,-100
2000-11-20,CDLMARUBOZU,-100
2000-11-20,CDLCLOSINGMARUBOZU,-100
2000-11-20,CDLBELTHOLD,-100
2000-11-20,CDLLONGLINE,-100
2000-11-21,CDLENGULFING,100
2000-11-21,CDLBELTHOLD,100
2000-11-22,CDLHIGHWAVE,100
2000-11-22,CDLSPINNINGTOP,100
2000-11-22,CDLRICKSHAWMAN,100
2000-11-22,CDLDOJI,100
2000-11-22,CDLLONGLEGGEDDOJI,100
2000-11-23,CDLDOJI,100
2000-11-23,CDLINVERTEDHAMMER,100
2000-11-23,CDLGRAVESTONEDOJI,100
2000-11-23,CDLLONGLEGGEDDOJI,100
2000-11-24,CDLCLOSINGMARUBOZU,100
2000-11-24,CDLBELTHOLD,100
2000-11-24,CDLLONGLINE,100
2000-11-24,CDLMARUBOZU,100
2000-11-27,CDLDOJISTAR,-100
2000-11-27,CDLSPINNINGTOP,100
2000-11-27,CDLHIGHWAVE,100
2000-11-27,CDLHANGINGMAN,-100
2000-11-27,CDLTAKURI,100
2000-11-27,CDLDOJI,100
2000-11-27,CDLLONGLEGGEDDOJI,100
2000-11-27,CDLDRAGONFLYDOJI,100
2000-11-29,CDLDOJI,100
2000-11-29,CDLINVERTEDHAMMER,100
2000-11-29,CDLLONGLEGGEDDOJI,100
2000-11-29,CDLGRAVESTONEDOJI,100
2000-11-30,CDLCLOSINGMARUBOZU,-100
2000-11-30,CDLENGULFING,-100
2000-12-01,CDLINNECK,-100
2000-12-01,CDLSHORTLINE,100
2000-12-04,CDLSHORTLINE,-100
2000-12-05,CDLRICKSHAWMAN,100
2000-12-05,CDLDOJI,100
2000-12-05,CDLLONGLEGGEDDOJI,100
2000-12-05,CDLSPINNINGTOP,100
2000-12-05,CDLHIGHWAVE,100
2000-12-07,CDLINVERTEDHAMMER,100
2000-12-08,CDLINVERTEDHAMMER,100
2000-12-08,CDLGRAVESTONEDOJI,100
2000-12-08,CDLSHORTLINE,100
2000-12-08,CDLDOJI,100
2000-12-08,CDLLONGLEGGEDDOJI,100
2000-12-11,CDLLONGLEGGEDDOJI,100
2000-12-11,CDLGRAVESTONEDOJI,100
2000-12-11,CDLINVERTEDHAMMER,100
2000-12-11,CDLDOJI,100
2000-12-12,CDLSHORTLINE,100
2000-12-14,CDLSHORTLINE,100
2000-12-15,CDLLONGLINE,-100
2000-12-15,CDLCLOSINGMARUBOZU,-100
2000-12-18,CDLDOJI,100
2000-12-18,CDLDOJISTAR,100
2000-12-18,CDLSHORTLINE,100
2000-12-19,CDLDOJI,100
2000-12-19,CDLSHORTLINE,100
2000-12-20,CDLDOJI,100
2000-12-20,CDLSHORTLINE,100
2000-12-21,CDLDOJI,100
2000-12-21,CDLSHORTLINE,100
2000-12-22,CDLINVERTEDHAMMER,100
2000-12-22,CDLDOJI,100
2000-12-22,CDLLONGLEGGEDDOJI,100
2000-12-22,CDLGRAVESTONEDOJI,100
2000-12-25,CDLDOJI,100
2000-12-25,CDLSHORTLINE,100
2000-12-25,CDLGAPSIDESIDEWHITE,-100
2000-12-26,CDLLONGLEGGEDDOJI,100
2000-12-26,CDLINVERTEDHAMMER,100
2000-12-26,CDLGRAVESTONEDOJI,100
2000-12-26,CDLDOJI,100
2000-12-27,CDLMARUBOZU,-100
2000-12-27,CDLCLOSINGMARUBOZU,-100
2000-12-27,CDLBELTHOLD,-100
2000-12-27,CDLLONGLINE,-100
2000-12-28,CDLBELTHOLD,100
2000-12-28,CDLENGULFING,100
2000-12-29,CDLCLOSINGMARUBOZU,-100
2001-01-01,CDLDOJI,100
2001-01-01,CDLSHORTLINE,100
2001-01-02,CDLCLOSINGMARUBOZU,100
2001-01-02,CDLMARUBOZU,100
2001-01-02,CDLBELTHOLD,100
2001-01-02,CDLLONGLINE,100
2001-01-03,CDLCLOSINGMARUBOZU,100
2001-01-04,CDLSHORTLINE,100
2001-01-04,CDLDOJISTAR,-100
2001-01-04,CDLDOJI,100
2001-01-05,CDLDOJI,100
2001-01-05,CDLSHORTLINE,100
2001-01-08,CDLSPINNINGTOP,100
2001-01-08,CDLHIGHWAVE,100
2001-01-08,CDLDOJI,100
2001-01-08,CDLLONGLEGGEDDOJI,100
2001-01-09,CDLCLOSINGMARUBOZU,100
2001-01-10,CDLBELTHOLD,100
2001-01-10,CDLCLOSINGMARUBOZU,100
2001-01-10,CDLMARUBOZU,100
2001-01-10,CDLLONGLINE,100
2001-01-11,CDLDARKCLOUDCOVER,-100
2001-01-15,CDLTHRUSTING,-100
2001-01-16,CDLMARUBOZU,100
2001-01-16,CDLCLOSINGMARUBOZU,100
2001-01-16,CDLBELTHOLD,100
2001-01-16,CDLLONGLINE,100
2001-01-17,CDLSPINNINGTOP,100
2001-01-17,CDLHIGHWAVE,100
2001-01-17,CDLSTALLEDPATTERN,-100
2001-01-17,CDLDOJISTAR,-100
2001-01-17,CDLDOJI,100
2001-01-17,CDLLONGLEGGEDDOJI,100
2001-01-17,CDLRICKSHAWMAN,100
2001-01-19,CDLDOJI,100
2001-01-19,CDLSHORTLINE,100
2001-01-22,CDLSHORTLINE,100
2001-01-22,CDLDOJI,100
2001-01-23,CDLSHORTLINE,100
2001-01-23,CDLDOJI,100
2001-01-24,CDLDOJI,100
2001-01-24,CDLSHORTLINE,100
2001-01-25,CDLDOJI,100
2001-01-25,CDLSHORTLINE,100
2001-01-26,CDLSHORTLINE,100
2001-01-26,CDLDOJI,100
2001-01-29,CDLCLOSINGMARUBOZU,-100
2001-01-30,CDLBELTHOLD,100
2001-01-30,CDLTHRUSTING,-100
2001-01-31,CDLCLOSINGMARUBOZU,100
2001-01-31,CDLLONGLINE,100
2001-01-31,CDLBELTHOLD,100
2001-01-31,CDLMARUBOZU,100
2001-02-01,CDLBELTHOLD,100
2001-02-01,CDLCLOSINGMARUBOZU,100
2001-02-01,CDLMARUBOZU,100
2001-02-01,CDLLONGLINE,100
2001-02-02,CDLDOJI,100
2001-02-02,CDLDOJISTAR,-100
2001-02-02,CDLSHORTLINE,100
2001-02-05,CDLDOJI,100
2001-02-05,CDLDRAGONFLYDOJI,100
2001-02-05,CDLHANGINGMAN,-100
2001-02-05,CDLLONGLEGGEDDOJI,100
2001-02-05,CDLTAKURI,100
2001-02-06,CDLENGULFING,-100
2001-02-07,CDL3OUTSIDE,-100
2001-02-07,CDLINVERTEDHAMMER,100
2001-02-08,CDLCLOSINGMARUBOZU,100
2001-02-08,CDLLONGLINE,100
2001-02-12,CDLCLOSINGMARUBOZU,100
2001-02-13,CDLBELTHOLD,100
2001-02-13,CDLCLOSINGMARUBOZU,100
2001-02-13,CDLLONGLINE,100
2001-02-13,CDLMARUBOZU,100
2001-02-15,CDLHARAMI,100
2001-02-16,CDLENGULFING,-100
2001-02-16,CDLHIKKAKE,100
2001-02-16,CDLBELTHOLD,-100
2001-02-19,CDLINVERTEDHAMMER,100
2001-02-19,CDL3OUTSIDE,-100
2001-02-19,CDLLONGLEGGEDDOJI,100
2001-02-19,CDLGRAVESTONEDOJI,100
2001-02-19,CDLDOJI,100
2001-02-19,CDLDOJISTAR,100
2001-02-21,CDLHAMMER,100
2001-02-22,CDLBELTHOLD,-100
2001-02-22,CDLLONGLINE,-100
2001-02-23,CDLTHRUSTING,-100
2001-02-26,CDLLONGLEGGEDDOJI,100
2001-02-26,CDLGRAVESTONEDOJI,100
2001-02-26,CDLDOJI,100
2001-02-27,CDLHIKKAKE,-100
2001-02-27,CDLHIGHWAVE,100
2001-02-27,CDLDOJI,100
2001-02-27,CDLSPINNINGTOP,100
2001-02-27,CDLLONGLEGGEDDOJI,100
2001-02-28,CDLSHORTLINE,100
2001-02-28,CDLGAPSIDESIDEWHITE,100
2001-02-28,CDLDOJI,100
2001-03-01,CDLLONGLEGGEDDOJI,100
2001-03-01,CDLDOJI,100
2001-03-01,CDLINVERTEDHAMMER,100
2001-03-01,CDLGRAVESTONEDOJI,100
2001-03-01,CDLHIKKAKE,100
2001-03-02,CDLHIGHWAVE,100
2001-03-02,CDLSHORTLINE,100
2001-03-02,CDLTRISTAR,100
2001-03-02,CDLDOJI,100
2001-03-02,CDLRICKSHAWMAN,100
2001-03-02,CDLSPINNINGTOP,100
2001-03-02,CDLLONGLEGGEDDOJI,100
2001-03-05,CDLBELTHOLD,100
2001-03-05,CDLLONGLINE,100
2001-03-05,CDLCLOSINGMARUBOZU,100
2001-03-05,CDLMARUBOZU,100
2001-03-06,CDLHIKKAKE,200
2001-03-06,CDLSPINNINGTOP,-100
2001-03-07,CDLCLOSINGMARUBOZU,100
2001-03-07,CDLBELTHOLD,100
2001-03-07,CDLLONGLINE,100
2001-03-07,CDLMARUBOZU,100
2001-03-09,CDLCOUNTERATTACK,100
2001-03-09,CDLBELTHOLD,100
2001-03-13,CDLBELTHOLD,100
2001-03-14,CDLSHORTLINE,100
2001-03-14,CDLDOJI,100
2001-03-15,CDLMARUBOZU,100
2001-03-15,CDLBELTHOLD,100
2001-03-15,CDLHIKKAKE,-100
2001-03-15,CDLCLOSINGMARUBOZU,100
2001-03-15,CDLLONGLINE,100
2001-03-19,CDLEVENINGSTAR,-100
2001-03-19,CDLCLOSINGMARUBOZU,-100
2001-03-20,CDLINVERTEDHAMMER,100
2001-03-21,CDLBELTHOLD,100
2001-03-22,CDLBELTHOLD,100
2001-03-22,CDLCLOSINGMARUBOZU,100
2001-03-22,CDLMARUBOZU,100
2001-03-22,CDLLONGLINE,100
2001-03-23,CDLDOJI,100
2001-03-23,CDLSHORTLINE,100
2001-03-23,CDLDOJISTAR,-100
2001-03-26,CDLHANGINGMAN,-100
2001-03-26,CDLDOJI,100
2001-03-26,CDLTAKURI,100
2001-03-26,CDLDRAGONFLYDOJI,100
2001-03-26,CDLLONGLEGGEDDOJI,100
2001-03-27,CDLHANGINGMAN,-100
2001-03-28,CDLENGULFING,-100
2001-03-29,CDLBELTHOLD,100
2001-03-29,CDLTHRUSTING,-100
2001-03-29,CDLCLOSINGMARUBOZU,100
2001-03-29,CDLLONGLINE,100
2001-03-29,CDLMARUBOZU,100
2001-04-02,CDLBELTHOLD,-100
2001-04-02,CDLCLOSINGMARUBOZU,-100
2001-04-02,CDLLONGLINE,-100
2001-04-02,CDLMARUBOZU,-100
2001-04-03,CDLDOJISTAR,100
2001-04-03,CDLGRAVESTONEDOJI,100
2001-04-03,CDLLONGLEGGEDDOJI,100
2001-04-03,CDLINVERTEDHAMMER,100
2001-04-03,CDLDOJI,100
2001-04-04,CDLBELTHOLD,100
2001-04-04,CDLLONGLINE,100
2001-04-05,CDLSHORTLINE,100
2001-04-05,CDLDOJI,100
2001-04-06,CDLHIKKAKE,-100
2001-04-06,CDLHANGINGMAN,-100
2001-04-09,CDLSPINNINGTOP,100
2001-04-09,CDLHIGHWAVE,100
2001-04-10,CDLENGULFING,-100
2001-04-10,CDLCLOSINGMARUBOZU,-100
2001-04-11,CDLHARAMI,100
2001-04-12,CDLSHOOTINGSTAR,-100
2001-04-12,CDLGRAVESTONEDOJI,100
2001-04-12,CDLDOJI,100
2001-04-12,CDLLONGLEGGEDDOJI,100
2001-04-13,CDLLONGLINE,-100
2001-04-18,CDLLONGLINE,100
2001-04-18,CDLBELTHOLD,100
2001-04-18,CDLCLOSINGMARUBOZU,100
2001-04-18,CDLMARUBOZU,100
2001-04-19,CDLLONGLINE,-100
2001-04-19,CDLBELTHOLD,-100
2001-04-20,CDLSHORTLINE,-100
2001-04-23,CDLSHORTLINE,100
2001-04-24,CDLSHOOTINGSTAR,-100
2001-04-25,CDLBELTHOLD,100
2001-04-26,CDLGAPSIDESIDEWHITE,100
2001-04-26,CDLBELTHOLD,100
2001-04-27,CDLCLOSINGMARUBOZU,-100
2001-04-30,CDLCLOSINGMARUBOZU,-100
2001-05-01,CDLDOJI,100
2001-05-01,CDLSHORTLINE,100
2001-05-02,CDLENGULFING,-100
2001-05-02,CDLCLOSINGMARUBOZU,-100
2001-05-03,CDLCLOSINGMARUBOZU,100
2001-05-03,CDLPIERCING,100
2001-05-04,CDLCLOSINGMARUBOZU,-100
2001-05-07,CDLSPINNINGTOP,100
2001-05-07,CDLHIGHWAVE,100
2001-05-07,CDLDOJI,100
2001-05-07,CDLLONGLEGGEDDOJI,100
2001-05-07,CDLRICKSHAWMAN,100
2001-05-08,CDLENGULFING,-100
2001-05-10,CDLCLOSINGMARUBOZU,-100
2001-05-11,CDLSPINNINGTOP,100
2001-05-14,CDLDOJI,100
2001-05-14,CDLGRAVESTONEDOJI,100
2001-05-14,CDLINVERTEDHAMMER,100
2001-05-14,CDLLONGLEGGEDDOJI,100
2001-05-15,CDLSHORTLINE,100
2001-05-16,CDLSHORTLINE,-100
2001-05-17,CDLSHORTLINE,100
2001-05-18,CDLMARUBOZU,-100
2001-05-18,CDLCLOSINGMARUBOZU,-100
2001-05-18,CDLBELTHOLD,-100
2001-05-18,CDLLONGLINE,-100
2001-05-21,CDLCLOSINGMARUBOZU,-100
2001-05-21,CDLMARUBOZU,-100
2001-05-21,CDLLONGLINE,-100
2001-05-21,CDLBELTHOLD,-100
2001-05-22,CDLDOJI,100
2001-05-22,CDLDOJISTAR,100
2001-05-22,CDLGRAVESTONEDOJI,100
2001-05-22,CDLLONGLEGGEDDOJI,100
2001-05-22,CDLINVERTEDHAMMER,100
2001-05-23,CDLBELTHOLD,100
2001-05-23,CDLMARUBOZU,100
2001-05-23,CDLCLOSINGMARUBOZU,100
2001-05-23,CDLLONGLINE,100
2001-05-24,CDLCLOSINGMARUBOZU,100
2001-05-25,CDLHARAMI,-100
2001-05-28,CDL3INSIDE,-100
2001-05-29,CDLSHORTLINE,100
2001-05-31,CDLSPINNINGTOP,100
2001-06-01,CDLSHOOTINGSTAR,-100
2001-06-04,CDLENGULFING,-100
2001-06-05,CDLLONGLEGGEDDOJI,100
2001-06-05,CDLDOJI,100
2001-06-05,CDLRICKSHAWMAN,100
2001-06-05,CDLSPINNINGTOP,100
2001-06-05,CDLHIGHWAVE,100
2001-06-05,CDLSHORTLINE,100
2001-06-06,CDLSHORTLINE,100
2001-06-06,CDLHIKKAKE,-100
2001-06-11,CDLCLOSINGMARUBOZU,100
2001-06-12,CDLHIGHWAVE,-100
2001-06-12,CDLSPINNINGTOP,-100
2001-06-13,CDLSPINNINGTOP,100
2001-06-14,CDLSHORTLINE,-100
2001-06-15,CDLHIKKAKE,-100
2001-06-18,CDLSHORTLINE,100
2001-06-19,CDLHIKKAKE,-200
2001-06-19,CDLENGULFING,-100
2001-06-19,CDLLONGLINE,-100
2001-06-19,CDLMARUBOZU,-100
2001-06-19,CDLBELTHOLD,-100
2001-06-19,CDLCLOSINGMARUBOZU,-100
2001-06-20,CDLDOJISTAR,100
2001-06-20,CDL3OUTSIDE,-100
2001-06-20,CDLRICKSHAWMAN,100
2001-06-20,CDLDOJI,100
2001-06-20,CDLSPINNINGTOP,100
2001-06-20,CDLHIGHWAVE,100
2001-06-20,CDLLONGLEGGEDDOJI,100
2001-06-21,CDLENGULFING,-100
2001-06-21,CDLLONGLINE,-100
2001-06-21,CDLCLOSINGMARUBOZU,-100
2001-06-22,CDL3OUTSIDE,-100
2001-06-25,CDLDOJI,100
2001-06-25,CDLSHORTLINE,100
2001-06-26,CDLLONGLINE,-100
2001-06-26,CDLBELTHOLD,-100
2001-06-26,CDLCLOSINGMARUBOZU,-100
2001-06-26,CDLMARUBOZU,-100
2001-06-26,CDLSEPARATINGLINES,-100
2001-06-27,CDLTHRUSTING,-100
2001-06-29,CDLCLOSINGMARUBOZU,100
2001-06-29,CDLSEPARATINGLINES,100
2001-06-29,CDLMARUBOZU,100
2001-06-29,CDLLONGLINE,100
2001-06-29,CDLBELTHOLD,100
2001-07-03,CDLINVERTEDHAMMER,100
2001-07-04,CDLCLOSINGMARUBOZU,-100
2001-07-04,CDLLONGLINE,-100
2001-07-05,CDLSPINNINGTOP,100
2001-07-06,CDLBELTHOLD,100
2001-07-09,CDLSPINNINGTOP,-100
2001-07-09,CDLHIGHWAVE,-100
2001-07-10,CDLLONGLINE,-100
2001-07-10,CDLCLOSINGMARUBOZU,-100
2001-07-11,CDLDOJI,100
2001-07-11,CDLGRAVESTONEDOJI,100
2001-07-11,CDLLONGLEGGEDDOJI,100
2001-07-11,CDLINVERTEDHAMMER,100
2001-07-11,CDLDOJISTAR,100
2001-07-12,CDLDOJI,100
2001-07-12,CDLSPINNINGTOP,100
2001-07-12,CDLLONGLEGGEDDOJI,100
2001-07-12,CDLHIGHWAVE,100
2001-07-13,CDLCLOSINGMARUBOZU,-100
2001-07-13,CDLENGULFING,-100
2001-07-16,CDLBELTHOLD,-100
2001-07-16,CDL3OUTSIDE,-100
2001-07-17,CDLBELTHOLD,100
2001-07-17,CDLLONGLINE,100
2001-07-17,CDLTHRUSTING,-100
2001-07-19,CDLCLOSINGMARUBOZU,100
2001-07-19,CDLMARUBOZU,100
2001-07-19,CDLBELTHOLD,100
2001-07-19,CDLLONGLINE,100
2001-07-20,CDLHIKKAKE,-100
2001-07-23,CDLSHORTLINE,-100
2001-07-24,CDLCLOSINGMARUBOZU,-100
2001-07-24,CDLHIKKAKE,-200
2001-07-24,CDLLONGLINE,-100
2001-07-26,CDLCLOSINGMARUBOZU,100
2001-07-26,CDLMORNINGSTAR,100
2001-07-30,CDLSHORTLINE,100
2001-07-30,CDLDOJI,100
2001-07-31,CDLSPINNINGTOP,100
2001-07-31,CDLHIKKAKE,100
2001-08-01,CDLBELTHOLD,-100
2001-08-01,CDLCLOSINGMARUBOZU,-100
2001-08-01,CDLENGULFING,-100
2001-08-01,CDLLONGLINE,-100
2001-08-01,CDLMARUBOZU,-100
2001-08-03,CDLMARUBOZU,100
2001-08-03,CDLCLOSINGMARUBOZU,100
2001-08-03,CDLHIKKAKE,200
2001-08-03,CDLBELTHOLD,100
2001-08-03,CDLLONGLINE,100
2001-08-07,CDLHAMMER,100
2001-08-08,CDLMARUBOZU,100
2001-08-08,CDLBELTHOLD,100
2001-08-08,CDLLONGLINE,100
2001-08-08,CDLCLOSINGMARUBOZU,100
2001-08-13,CDLHARAMI,100
2001-08-16,CDLBELTHOLD,100
2001-08-16,CDLLONGLINE,100
2001-08-20,CDLBELTHOLD,100
2001-08-21,CDLMARUBOZU,-100
2001-08-21,CDLBELTHOLD,-100
2001-08-21,CDLCLOSINGMARUBOZU,-100
2001-08-21,CDLLONGLINE,-100
2001-08-22,CDLCLOSINGMARUBOZU,-100
2001-08-22,CDLLONGLINE,-100
2001-08-22,CDLHIKKAKE,100
2001-08-24,CDLBELTHOLD,-100
2001-08-24,CDLLONGLINE,-100
2001-08-28,CDLLONGLEGGEDDOJI,100
2001-08-28,CDLDOJI,100
2001-08-28,CDLDRAGONFLYDOJI,100
2001-08-28,CDLTAKURI,100
2001-08-29,CDLCLOSINGMARUBOZU,100
2001-08-29,CDLLONGLINE,100
2001-08-30,CDLBELTHOLD,100
2001-08-30,CDLLONGLINE,100
2001-08-30,CDLMARUBOZU,100
2001-08-30,CDLCLOSINGMARUBOZU,100
2001-08-31,CDLHARAMI,-100
2001-09-05,CDLBELTHOLD,-100
2001-09-05,CDLMARUBOZU,-100
2001-09-05,CDLCLOSINGMARUBOZU,-100
2001-09-05,CDLLONGLINE,-100
2001-09-07,CDLINVERTEDHAMMER,100
2001-09-10,CDLSPINNINGTOP,100
2001-09-11,CDLLONGLINE,-100
2001-09-11,CDLCLOSINGMARUBOZU,-100
2001-09-11,CDLENGULFING,-100
2001-09-12,CDLDOJI,100
2001-09-12,CDLSHORTLINE,100
2001-09-13,CDLSHORTLINE,100
2001-09-13,CDLDOJI,100
2001-09-14,CDLGRAVESTONEDOJI,100
2001-09-14,CDLDOJI,100
2001-09-14,CDLLONGLEGGEDDOJI,100
2001-09-14,CDLINVERTEDHAMMER,100
2001-09-17,CDLDOJI,100
2001-09-17,CDLSHORTLINE,100
2001-09-17,CDLGAPSIDESIDEWHITE,-100
2001-09-18,CDLDOJI,100
2001-09-18,CDLSHORTLINE,100
2001-09-19,CDLSHORTLINE,100
2001-09-19,CDLDOJI,100
2001-09-24,CDLDOJI,100
2001-09-24,CDLSHORTLINE,100
2001-09-25,CDLBELTHOLD,-100
2001-09-26,CDLCLOSINGMARUBOZU,100
2001-09-26,CDLENGULFING,100
2001-09-27,CDL3OUTSIDE,100
2001-09-28,CDLDOJI,100
2001-09-28,CDLSHORTLINE,100
2001-10-01,CDLSHORTLINE,100
2001-10-01,CDLDOJI,100
2001-10-03,CDLBELTHOLD,100
2001-10-04,CDLMARUBOZU,-100
2001-10-04,CDLLONGLINE,-100
2001-10-04,CDLCLOSINGMARUBOZU,-100
2001-10-04,CDLBELTHOLD,-100
2001-10-05,CDLONNECK,-100
2001-10-05,CDLINNECK,-100
2001-10-05,CDLSPINNINGTOP,100
2001-10-09,CDLLONGLINE,100
2001-10-09,CDLCLOSINGMARUBOZU,100
2001-10-10,CDLDOJI,100
2001-10-10,CDLSHORTLINE,100
2001-10-11,CDLBELTHOLD,100
2001-10-12,CDLLONGLINE,-100
2001-10-12,CDLBELTHOLD,-100
2001-10-15,CDLSHORTLINE,-100
2001-10-17,CDLBELTHOLD,100
2001-10-18,CDLHARAMI,-100
2001-10-18,CDLSHORTLINE,100
2001-10-19,CDLHIKKAKE,-100
2001-10-23,CDLCLOSINGMARUBOZU,-100
2001-10-24,CDLSHORTLINE,100
2001-10-24,CDLTHRUSTING,-100
2001-10-25,CDLDOJI,100
2001-10-25,CDLHIGHWAVE,100
2001-10-25,CDLRICKSHAWMAN,100
2001-10-25,CDLLONGLEGGEDDOJI,100
2001-10-25,CDLSPINNINGTOP,100
2001-10-26,CDLSHOOTINGSTAR,-100
2001-10-29,CDLHAMMER,100
2001-10-30,CDLBELTHOLD,-100
2001-10-31,CDLINVERTEDHAMMER,100
2001-11-06,CDLDOJI,100
2001-11-06,CDLSPINNINGTOP,100
2001-11-06,CDLLONGLEGGEDDOJI,100
2001-11-06,CDLDOJISTAR,-100
2001-11-06,CDLHIGHWAVE,100
2001-11-07,CDLCLOSINGMARUBOZU,100
2001-11-07,CDLLONGLINE,100
2001-11-07,CDLBELTHOLD,100
2001-11-07,CDLMARUBOZU,100
2001-11-09,CDLDOJI,100
2001-11-09,CDLSHORTLINE,100
2001-11-12,CDLCLOSINGMARUBOZU,100
2001-11-14,CDLCLOSINGMARUBOZU,-100
2001-11-14,CDLBELTHOLD,-100
2001-11-14,CDLMARUBOZU,-100
2001-11-14,CDLLONGLINE,-100
2001-11-15,CDLCLOSINGMARUBOZU,100
2001-11-15,CDLLONGLINE,100
2001-11-15,CDLMARUBOZU,100
2001-11-15,CDLBELTHOLD,100
2001-11-15,CDLHIKKAKE,-100
2001-11-19,CDLBELTHOLD,100
2001-11-19,CDLMARUBOZU,100
2001-11-19,CDLCLOSINGMARUBOZU,100
2001-11-19,CDLLONGLINE,100
2001-11-21,CDLCLOSINGMARUBOZU,100
2001-11-22,CDLDOJISTAR,-100
2001-11-22,CDLHIKKAKE,-100
2001-11-22,CDLRICKSHAWMAN,100
2001-11-22,CDLHIGHWAVE,100
2001-11-22,CDLDOJI,100
2001-11-22,CDLLONGLEGGEDDOJI,100
2001-11-22,CDLSPINNINGTOP,100
2001-11-23,CDLBELTHOLD,100
2001-11-23,CDLCLOSINGMARUBOZU,100
2001-11-23,CDLLONGLINE,100
2001-11-23,CDLMARUBOZU,100
2001-11-26,CDLDARKCLOUDCOVER,-100
2001-11-26,CDLBELTHOLD,-100
2001-11-27,CDLCLOSINGMARUBOZU,-100
2001-12-03,CDLLONGLINE,100
2001-12-03,CDLCLOSINGMARUBOZU,100
2001-12-04,CDLMARUBOZU,100
2001-12-04,CDLLONGLINE,100
2001-12-04,CDLCLOSINGMARUBOZU,100
2001-12-04,CDLBELTHOLD,100
2001-12-07,CDLSPINNINGTOP,-100
2001-12-07,CDLHIGHWAVE,-100
2001-12-10,CDLCLOSINGMARUBOZU,100
2001-12-10,CDLMARUBOZU,100
2001-12-10,CDLLONGLINE,100
2001-12-10,CDLBELTHOLD,100
2001-12-11,CDLSPINNINGTOP,100
2001-12-11,CDLRICKSHAWMAN,100
2001-12-11,CDLHIGHWAVE,100
2001-12-11,CDLLONGLEGGEDDOJI,100
2001-12-11,CDLDOJI,100
2001-12-12,CDLLONGLINE,100
2001-12-12,CDLBELTHOLD,100
2001-12-13,CDLCLOSINGMARUBOZU,-100
2001-12-14,CDLTHRUSTING,-100
2001-12-14,CDLLONGLINE,100
2001-12-14,CDLBELTHOLD,100
2001-12-17,CDLHIGHWAVE,100
2001-12-17,CDLLONGLEGGEDDOJI,100
2001-12-17,CDLDOJI,100
2001-12-17,CDLSPINNINGTOP,100
2001-12-18,CDLENGULFING,-100
2001-12-18,CDLLONGLINE,-100
2001-12-18,CDLCLOSINGMARUBOZU,-100
2001-12-18,CDLMARUBOZU,-100
2001-12-18,CDLBELTHOLD,-100
2001-12-19,CDLSPINNINGTOP,-100
2001-12-19,CDLHIGHWAVE,-100
2001-12-19,CDLMATCHINGLOW,100
2001-12-20,CDLMARUBOZU,100
2001-12-20,CDLLONGLINE,100
2001-12-20,CDLCLOSINGMARUBOZU,100
2001-12-20,CDLBELTHOLD,100
2001-12-21,CDLHANGINGMAN,-100
2001-12-21,CDLTAKURI,100
2001-12-21,CDLDRAGONFLYDOJI,100
2001-12-21,CDLDOJISTAR,-100
2001-12-21,CDLDOJI,100
2001-12-21,CDLLONGLEGGEDDOJI,100
2001-12-21,CDLSHORTLINE,100
2001-12-24,CDLDOJI,100
2001-12-24,CDLSHORTLINE,100
2001-12-25,CDLTAKURI,100
2001-12-25,CDLDOJI,100
2001-12-25,CDLHANGINGMAN,-100
2001-12-25,CDLDRAGONFLYDOJI,100
2001-12-25,CDLLONGLEGGEDDOJI,100
2001-12-26,CDLCLOSINGMARUBOZU,100
2001-12-27,CDLCLOSINGMARUBOZU,100
2001-12-28,CDLHIGHWAVE,-100
2001-12-28,CDLSPINNINGTOP,-100
2001-12-31,CDLSPINNINGTOP,-100
2002-01-01,CDLDOJI,100
2002-01-01,CDLSHORTLINE,100
2002-01-02,CDLSPINNINGTOP,-100
2002-01-03,CDLSHORTLINE,100
2002-01-03,CDLDOJI,100
2002-01-04,CDLHIKKAKE,100
2002-01-04,CDLHAMMER,100
2002-01-07,CDLHIKKAKE,200
2002-01-07,CDLCLOSINGMARUBOZU,100
2002-01-08,CDLDOJI,100
2002-01-08,CDLDOJISTAR,-100
2002-01-08,CDLHANGINGMAN,-100
2002-01-08,CDLTAKURI,100
2002-01-08,CDLLONGLEGGEDDOJI,100
2002-01-08,CDLDRAGONFLYDOJI,100
2002-01-09,CDLSPINNINGTOP,100
2002-01-10,CDLMARUBOZU,100
2002-01-10,CDLBELTHOLD,100
2002-01-10,CDLCLOSINGMARUBOZU,100
2002-01-10,CDLLONGLINE,100
2002-01-11,CDLDARKCLOUDCOVER,-100
2002-01-11,CDLCLOSINGMARUBOZU,-100
2002-01-14,CDLCLOSINGMARUBOZU,-100
2002-01-15,CDLMARUBOZU,100
2002-01-15,CDLLONGLINE,100
2002-01-15,CDLCLOSINGMARUBOZU,100
2002-01-15,CDLBELTHOLD,100
2002-01-17,CDLHIGHWAVE,-100
2002-01-17,CDLSPINNINGTOP,-100
2002-01-21,CDLCLOSINGMARUBOZU,100
2002-01-21,CDLBELTHOLD,100
2002-01-21,CDLLONGLINE,100
2002-01-21,CDLHIKKAKE,-100
2002-01-21,CDLMARUBOZU,100
2002-01-22,CDLDOJI,100
2002-01-22,CDLHANGINGMAN,-100
2002-01-22,CDLDRAGONFLYDOJI,100
2002-01-22,CDLDOJISTAR,-100
2002-01-22,CDLTAKURI,100
2002-01-22,CDLLONGLEGGEDDOJI,100
2002-01-23,CDLENGULFING,-100
2002-01-24,CDLHARAMI,100
2002-01-25,CDLCLOSINGMARUBOZU,-100
2002-01-25,CDLENGULFING,-100
2002-01-25,CDLLONGLINE,-100
2002-01-25,CDLMARUBOZU,-100
2002-01-25,CDLBELTHOLD,-100
2002-01-30,CDLLONGLINE,100
2002-01-30,CDLBELTHOLD,100
2002-01-31,CDLDOJI,100
2002-01-31,CDLSHORTLINE,100
2002-02-01,CDLHIKKAKE,100
2002-02-01,CDLSPINNINGTOP,-100
2002-02-04,CDLSHORTLINE,-100
2002-02-05,CDLCLOSINGMARUBOZU,100
2002-02-06,CDLCLOSINGMARUBOZU,-100
2002-02-07,CDLSHORTLINE,100
2002-02-07,CDLDOJI,100
2002-02-08,CDLDOJI,100
2002-02-08,CDLSHORTLINE,100
2002-02-11,CDLDOJI,100
2002-02-11,CDLSHORTLINE,100
2002-02-12,CDLSHORTLINE,100
2002-02-12,CDLDOJI,100
2002-02-13,CDLSHORTLINE,100
2002-02-13,CDLDOJI,100
2002-02-14,CDLSHORTLINE,100
2002-02-14,CDLDOJI,100
2002-02-15,CDLDOJI,100
2002-02-15,CDLSHORTLINE,100
2002-02-19,CDLCLOSINGMARUBOZU,100
2002-02-20,CDLLONGLINE,-100
2002-02-20,CDLBELTHOLD,-100
2002-02-20,CDLMARUBOZU,-100
2002-02-20,CDLCLOSINGMARUBOZU,-100
2002-02-21,CDLCLOSINGMARUBOZU,-100
2002-02-26,CDLHIKKAKE,100
2002-02-27,CDLBELTHOLD,100
2002-02-27,CDLCLOSINGMARUBOZU,100
2002-02-27,CDLMARUBOZU,100
2002-02-27,CDLLONGLINE,100
2002-02-28,CDLDOJI,100
2002-02-28,CDLSHORTLINE,100
2002-03-01,CDLSPINNINGTOP,100
2002-03-01,CDLRICKSHAWMAN,100
2002-03-01,CDLLONGLEGGEDDOJI,100
2002-03-01,CDLDOJI,100
2002-03-01,CDLHIGHWAVE,100
2002-03-04,CDLCLOSINGMARUBOZU,-100
2002-03-04,CDLENGULFING,-100
2002-03-05,CDLHOMINGPIGEON,100
2002-03-05,CDLSHORTLINE,-100
2002-03-05,CDLHARAMI,100
2002-03-06,CDL3INSIDE,100
2002-03-06,CDLSHORTLINE,100
2002-03-07,CDLHIGHWAVE,-100
2002-03-07,CDLSPINNINGTOP,-100
2002-03-08,CDLBELTHOLD,100
2002-03-12,CDLLONGLINE,-100
2002-03-14,CDLBELTHOLD,100
2002-03-14,CDLHIKKAKE,-100
2002-03-14,CDLLONGLINE,100
2002-03-15,CDLSHORTLINE,100
2002-03-15,CDLDOJI,100
2002-03-15,CDLDOJISTAR,-100
2002-03-18,CDLBELTHOLD,-100
2002-03-19,CDLCLOSINGMARUBOZU,-100
2002-03-20,CDLHARAMI,100
2002-03-21,CDL3INSIDE,100
2002-03-22,CDLHANGINGMAN,-100
2002-03-25,CDLBELTHOLD,-100
2002-03-25,CDLENGULFING,-100
2002-03-26,CDL3OUTSIDE,-100
2002-03-27,CDLLONGLINE,-100
2002-03-27,CDLCLOSINGMARUBOZU,-100
2002-03-28,CDLCLOSINGMARUBOZU,100
2002-03-29,CDLDOJISTAR,-100
2002-03-29,CDLSPINNINGTOP,100
2002-03-29,CDLRICKSHAWMAN,100
2002-03-29,CDLDOJI,100
2002-03-29,CDLLONGLEGGEDDOJI,100
2002-03-29,CDLHIGHWAVE,100
2002-04-02,CDLCLOSINGMARUBOZU,-100
2002-04-02,CDLENGULFING,-100
2002-04-02,CDLBELTHOLD,-100
2002-04-02,CDLMARUBOZU,-100
2002-04-02,CDLLONGLINE,-100
2002-04-03,CDLSPINNINGTOP,100
2002-04-04,CDLSHORTLINE,-100
2002-04-05,CDLSHORTLINE,100
2002-04-05,CDLDOJI,100
2002-04-08,CDLINVERTEDHAMMER,100
2002-04-09,CDLLONGLINE,-100
2002-04-09,CDLBELTHOLD,-100
2002-04-09,CDLMARUBOZU,-100
2002-04-09,CDLCLOSINGMARUBOZU,-100
2002-04-10,CDLLONGLINE,100
2002-04-10,CDLBELTHOLD,100
2002-04-10,CDLMARUBOZU,100
2002-04-10,CDLCLOSINGMARUBOZU,100
2002-04-11,CDLLONGLINE,-100
2002-04-11,CDLDARKCLOUDCOVER,-100
2002-04-11,CDLCLOSINGMARUBOZU,-100
2002-04-12,CDLTHRUSTING,-100
2002-04-15,CDLCLOSINGMARUBOZU,100
2002-04-16,CDLSPINNINGTOP,-100
2002-04-17,CDLLONGLINE,-100
2002-04-17,CDLCLOSINGMARUBOZU,-100
2002-04-17,CDLMARUBOZU,-100
2002-04-17,CDLEVENINGSTAR,-100
2002-04-17,CDLBELTHOLD,-100
2002-04-19,CDLHIGHWAVE,100
2002-04-19,CDLSPINNINGTOP,100
2002-04-19,CDLRICKSHAWMAN,100
2002-04-19,CDLDOJI,100
2002-04-19,CDLLONGLEGGEDDOJI,100
2002-04-22,CDLENGULFING,-100
2002-04-22,CDLSHORTLINE,-100
2002-04-23,CDL3OUTSIDE,-100
2002-04-24,CDLXSIDEGAP3METHODS,-100
2002-04-25,CDLSHORTLINE,-100
2002-04-26,CDLHIKKAKE,100
2002-05-01,CDLDOJI,100
2002-05-01,CDLSHORTLINE,100
2002-05-02,CDLHIKKAKE,100
2002-05-02,CDLCLOSINGMARUBOZU,-100
2002-05-03,CDLLONGLINE,100
2002-05-03,CDLBELTHOLD,100
2002-05-06,CDLMARUBOZU,-100
2002-05-06,CDLCLOSINGMARUBOZU,-100
2002-05-06,CDLBELTHOLD,-100
2002-05-06,CDLLONGLINE,-100
2002-05-07,CDLBELTHOLD,100
2002-05-09,CDLBELTHOLD,-100
2002-05-09,CDLMARUBOZU,-100
2002-05-09,CDLLONGLINE,-100
2002-05-09,CDLCLOSINGMARUBOZU,-100
2002-05-10,CDLPIERCING,100
2002-05-10,CDLCLOSINGMARUBOZU,100
2002-05-16,CDLLONGLINE,-100
2002-05-16,CDLMARUBOZU,-100
2002-05-16,CDLBELTHOLD,-100
2002-05-16,CDLSTICKSANDWICH,100
2002-05-16,CDLCLOSINGMARUBOZU,-100
2002-05-20,CDLINVERTEDHAMMER,100
2002-05-21,CDLINVERTEDHAMMER,100
2002-05-21,CDLDOJI,100
2002-05-21,CDLGRAVESTONEDOJI,100
2002-05-21,CDLLONGLEGGEDDOJI,100
2002-05-24,CDLLONGLINE,100
2002-05-24,CDLCLOSINGMARUBOZU,100
2002-05-24,CDLMARUBOZU,100
2002-05-24,CDLBELTHOLD,100
2002-05-24,CDLSEPARATINGLINES,100
2002-05-29,CDLHAMMER,100
2002-05-30,CDLDOJI,100
2002-05-30,CDLLONGLEGGEDDOJI,100
2002-05-30,CDLSPINNINGTOP,100
2002-05-30,CDLHIGHWAVE,100
2002-05-30,CDLRICKSHAWMAN,100
2002-05-31,CDLHIGHWAVE,-100
2002-05-31,CDLSPINNINGTOP,-100
2002-06-03,CDLSHORTLINE,100
2002-06-03,CDLSPINNINGTOP,100
2002-06-03,CDLHIGHWAVE,100
2002-06-04,CDLLONGLINE,100
2002-06-04,CDLBELTHOLD,100
2002-06-05,CDLSHOOTINGSTAR,-100
2002-06-07,CDLBELTHOLD,-100
2002-06-10,CDLBELTHOLD,100
2002-06-10,CDLLONGLINE,100
2002-06-11,CDLENGULFING,-100
2002-06-11,CDLSTICKSANDWICH,100
2002-06-12,CDL3OUTSIDE,-100
2002-06-13,CDLMARUBOZU,100
2002-06-13,CDLLONGLINE,100
2002-06-13,CDLSEPARATINGLINES,100
2002-06-13,CDLBELTHOLD,100
2002-06-13,CDLCLOSINGMARUBOZU,100
2002-06-14,CDLCLOSINGMARUBOZU,100
2002-06-17,CDLBELTHOLD,100
2002-06-19,CDLCLOSINGMARUBOZU,-100
2002-06-19,CDLBELTHOLD,-100
2002-06-19,CDLLONGLINE,-100
2002-06-19,CDLMARUBOZU,-100
2002-06-25,CDLCLOSINGMARUBOZU,-100
2002-06-25,CDLLONGLINE,-100
2002-06-26,CDLCLOSINGMARUBOZU,-100
2002-06-27,CDLINVERTEDHAMMER,100
2002-06-28,CDLTASUKIGAP,-100
2002-07-01,CDLLONGLINE,-100
2002-07-01,CDLCLOSINGMARUBOZU,-100
2002-07-01,CDLBELTHOLD,-100
2002-07-01,CDLHIKKAKE,100
2002-07-01,CDLMARUBOZU,-100
2002-07-02,CDLGRAVESTONEDOJI,100
2002-07-02,CDLINVERTEDHAMMER,100
2002-07-02,CDLDOJI,100
2002-07-02,CDLLONGLEGGEDDOJI,100
2002-07-02,CDLDOJISTAR,100
2002-07-03,CDLCLOSINGMARUBOZU,100
2002-07-05,CDLCLOSINGMARUBOZU,100
2002-07-05,CDLLONGLINE,100
2002-07-05,CDLMARUBOZU,100
2002-07-05,CDLBELTHOLD,100
2002-07-10,CDLSHORTLINE,-100
2002-07-11,CDLLONGLEGGEDDOJI,100
2002-07-11,CDLSPINNINGTOP,100
2002-07-11,CDLDOJI,100
2002-07-11,CDLHIGHWAVE,100
2002-07-11,CDLRICKSHAWMAN,100
2002-07-12,CDLCLOSINGMARUBOZU,100
2002-07-15,CDLSPINNINGTOP,100
2002-07-15,CDLHIGHWAVE,100
2002-07-16,CDLLONGLINE,-100
2002-07-16,CDLEVENINGSTAR,-100
2002-07-16,CDLENGULFING,-100
2002-07-17,CDLTHRUSTING,-100
2002-07-18,CDLSHORTLINE,-100
2002-07-19,CDLDOJI,100
2002-07-19,CDLLONGLEGGEDDOJI,100
2002-07-19,CDLSHORTLINE,-100
2002-07-19,CDLRICKSHAWMAN,100
2002-07-19,CDLSPINNINGTOP,-100
2002-07-19,CDLHIGHWAVE,-100
2002-07-22,CDLLONGLINE,100
2002-07-22,CDLBELTHOLD,100
2002-07-23,CDLCLOSINGMARUBOZU,100
2002-07-23,CDLLONGLINE,100
2002-07-23,CDLBELTHOLD,100
2002-07-23,CDLMARUBOZU,100
2002-07-24,CDLSPINNINGTOP,-100
2002-07-25,CDLLONGLINE,-100
2002-07-25,CDLCLOSINGMARUBOZU,-100
2002-07-25,CDLBELTHOLD,-100
2002-07-25,CDLMARUBOZU,-100
2002-07-26,CDLMARUBOZU,-100
2002-07-26,CDLBELTHOLD,-100
2002-07-26,CDLLONGLINE,-100
2002-07-26,CDLCLOSINGMARUBOZU,-100
2002-07-29,CDLBELTHOLD,100
2002-07-29,CDLTHRUSTING,-100
2002-07-30,CDLRICKSHAWMAN,100
2002-07-30,CDLDOJISTAR,-100
2002-07-30,CDLSPINNINGTOP,-100
2002-07-30,CDLLONGLEGGEDDOJI,100
2002-07-30,CDLDOJI,100
2002-07-31,CDLBELTHOLD,-100
2002-07-31,CDLUPSIDEGAP2CROWS,-100
2002-08-01,CDLINVERTEDHAMMER,100
2002-08-02,CDLSPINNINGTOP,100
2002-08-02,CDLTAKURI,100
2002-08-02,CDLDOJI,100
2002-08-02,CDLDRAGONFLYDOJI,100
2002-08-02,CDLHAMMER,100
2002-08-02,CDLGAPSIDESIDEWHITE,-100
2002-08-02,CDLHIGHWAVE,100
2002-08-02,CDLLONGLEGGEDDOJI,100
2002-08-05,CDLDOJI,100
2002-08-05,CDLINVERTEDHAMMER,100
2002-08-05,CDLLONGLEGGEDDOJI,100
2002-08-05,CDLGRAVESTONEDOJI,100
2002-08-06,CDLDOJI,100
2002-08-06,CDLLONGLEGGEDDOJI,100
2002-08-06,CDLGRAVESTONEDOJI,100
2002-08-06,CDLINVERTEDHAMMER,100
2002-08-07,CDLCLOSINGMARUBOZU,100
2002-08-07,CDLLONGLINE,100
2002-08-07,CDLMARUBOZU,100
2002-08-07,CDLBELTHOLD,100
2002-08-08,CDLMARUBOZU,-100
2002-08-08,CDLLONGLINE,-100
2002-08-08,CDLBELTHOLD,-100
2002-08-08,CDLCLOSINGMARUBOZU,-100
2002-08-09,CDLHARAMI,100
2002-08-13,CDLMATCHINGLOW,100
2002-08-14,CDLMARUBOZU,100
2002-08-14,CDLBELTHOLD,100
2002-08-14,CDLLONGLINE,100
2002-08-14,CDLENGULFING,100
2002-08-14,CDLCLOSINGMARUBOZU,100
2002-08-15,CDL3OUTSIDE,100
2002-08-15,CDLCLOSINGMARUBOZU,100
2002-08-16,CDLSHOOTINGSTAR,-100
2002-08-20,CDLMATCHINGLOW,100
2002-08-20,CDLLONGLINE,-100
2002-08-20,CDLCLOSINGMARUBOZU,-100
2002-08-20,CDLMARUBOZU,-100
2002-08-20,CDLBELTHOLD,-100
2002-08-21,CDLSPINNINGTOP,100
2002-08-22,CDLSPINNINGTOP,100
2002-08-23,CDLSHORTLINE,100
2002-08-23,CDLDOJI,100
2002-08-26,CDLCLOSINGMARUBOZU,100
2002-08-26,CDLMARUBOZU,100
2002-08-26,CDLLONGLINE,100
2002-08-26,CDLBELTHOLD,100
2002-08-28,CDLEVENINGSTAR,-100
2002-08-28,CDLCLOSINGMARUBOZU,-100
2002-08-28,CDLLONGLINE,-100
2002-09-02,CDLSHORTLINE,100
2002-09-02,CDLDOJI,100
2002-09-03,CDLSHORTLINE,100
2002-09-03,CDLDOJI,100
2002-09-04,CDLSHORTLINE,100
2002-09-04,CDLDOJI,100
2002-09-05,CDLBELTHOLD,100
2002-09-06,CDLDOJI,100
2002-09-06,CDLSHORTLINE,100
2002-09-09,CDLBELTHOLD,-100
2002-09-09,CDLHIKKAKE,100
2002-09-10,CDLCLOSINGMARUBOZU,100
2002-09-10,CDLHIKKAKE,200
2002-09-11,CDLLONGLINE,-100
2002-09-11,CDLBELTHOLD,-100
2002-09-13,CDLSPINNINGTOP,100
2002-09-16,CDLHIGHWAVE,-100
2002-09-16,CDLSPINNINGTOP,-100
2002-09-17,CDLCLOSINGMARUBOZU,100
2002-09-17,CDLLONGLINE,100
2002-09-18,CDLLONGLINE,-100
2002-09-18,CDLBELTHOLD,-100
2002-09-18,CDLSTICKSANDWICH,100
2002-09-19,CDLHARAMI,100
2002-09-20,CDLSTICKSANDWICH,100
2002-09-23,CDLSPINNINGTOP,-100
2002-09-24,CDLINVERTEDHAMMER,100
2002-09-24,CDLHIGHWAVE,100
2002-09-24,CDLGRAVESTONEDOJI,100
2002-09-24,CDLSPINNINGTOP,100
2002-09-24,CDLLONGLEGGEDDOJI,100
2002-09-24,CDLDOJI,100
2002-09-25,CDLHIKKAKE,100
2002-09-25,CDLCLOSINGMARUBOZU,-100
2002-09-26,CDLMATCHINGLOW,100
2002-09-27,CDLBELTHOLD,-100
2002-09-27,CDLLONGLINE,-100
2002-09-30,CDLCLOSINGMARUBOZU,100
2002-09-30,CDLONNECK,-100
2002-10-02,CDLSHOOTINGSTAR,-100
2002-10-03,CDLMARUBOZU,-100
2002-10-03,CDLBELTHOLD,-100
2002-10-03,CDLLONGLINE,-100
2002-10-03,CDLCLOSINGMARUBOZU,-100
2002-10-04,CDLHIGHWAVE,100
2002-10-04,CDLSPINNINGTOP,100
2002-10-04,CDLDOJISTAR,100
2002-10-04,CDLDOJI,100
2002-10-04,CDLLONGLEGGEDDOJI,100
2002-10-07,CDLMARUBOZU,-100
2002-10-07,CDLBELTHOLD,-100
2002-10-07,CDLLONGLINE,-100
2002-10-07,CDLCLOSINGMARUBOZU,-100
2002-10-08,CDLBELTHOLD,100
2002-10-08,CDLTHRUSTING,-100
2002-10-08,CDLCLOSINGMARUBOZU,100
2002-10-08,CDLLONGLINE,100
2002-10-08,CDLMARUBOZU,100
2002-10-09,CDLSPINNINGTOP,100
2002-10-09,CDLLONGLEGGEDDOJI,100
2002-10-09,CDLDOJI,100
2002-10-09,CDLHIGHWAVE,100
2002-10-09,CDLRICKSHAWMAN,100
2002-10-09,CDLDOJISTAR,-100
2002-10-10,CDLGAPSIDESIDEWHITE,100
2002-10-10,CDLSHORTLINE,100
2002-10-10,CDLDOJI,100
2002-10-11,CDLBELTHOLD,-100
2002-10-11,CDLENGULFING,-100
2002-10-11,CDLMARUBOZU,-100
2002-10-11,CDLLONGLINE,-100
2002-10-11,CDLCLOSINGMARUBOZU,-100
2002-10-14,CDLGRAVESTONEDOJI,100
2002-10-14,CDLDOJI,100
2002-10-14,CDLHARAMICROSS,100
2002-10-14,CDLHOMINGPIGEON,100
2002-10-14,CDLHARAMI,100
2002-10-14,CDLLONGLEGGEDDOJI,100
2002-10-15,CDLSHORTLINE,100
2002-10-16,CDLDOJI,100
2002-10-16,CDLSHORTLINE,100
2002-10-17,CDLHANGINGMAN,-100
2002-10-23,CDLCLOSINGMARUBOZU,100
2002-10-25,CDLTASUKIGAP,100
2002-10-28,CDLLONGLINE,-100
2002-10-28,CDLCLOSINGMARUBOZU,-100
2002-10-28,CDLMARUBOZU,-100
2002-10-28,CDLBELTHOLD,-100
2002-10-29,CDLINVERTEDHAMMER,100
2002-10-31,CDLSHOOTINGSTAR,-100
2002-11-01,CDLCLOSINGMARUBOZU,-100
2002-11-04,CDLHIGHWAVE,-100
2002-11-04,CDLSPINNINGTOP,-100
2002-11-04,CDLLONGLEGGEDDOJI,100
2002-11-04,CDLHARAMI,100
2002-11-04,CDLHARAMICROSS,100
2002-11-04,CDLRICKSHAWMAN,100
2002-11-04,CDLDOJI,100
2002-11-04,CDLHOMINGPIGEON,100
2002-11-05,CDLSHORTLINE,-100
2002-11-05,CDLMATCHINGLOW,100
2002-11-06,CDLCLOSINGMARUBOZU,100
2002-11-06,CDLHIKKAKE,-100
2002-11-07,CDLRICKSHAWMAN,100
2002-11-07,CDLDOJISTAR,-100
2002-11-07,CDLHIGHWAVE,-100
2002-11-07,CDLLONGLEGGEDDOJI,100
2002-11-07,CDLSPINNINGTOP,-100
2002-11-07,CDLDOJI,100
2002-11-08,CDLHIGHWAVE,-100
2002-11-08,CDLDOJI,100
2002-11-08,CDLLONGLEGGEDDOJI,100
2002-11-08,CDLRICKSHAWMAN,100
2002-11-08,CDLSPINNINGTOP,-100
2002-11-11,CDLBELTHOLD,-100
2002-11-11,CDLLONGLINE,-100
2002-11-12,CDLBELTHOLD,100
2002-11-12,CDLLONGLINE,100
2002-11-13,CDLBELTHOLD,-100
2002-11-13,CDLLONGLINE,-100
2002-11-14,CDLLONGLINE,-100
2002-11-14,CDLCLOSINGMARUBOZU,-100
2002-11-15,CDLHARAMI,100
2002-11-15,CDLHOMINGPIGEON,100
2002-11-18,CDLRICKSHAWMAN,100
2002-11-18,CDLHIGHWAVE,100
2002-11-18,CDLLONGLEGGEDDOJI,100
2002-11-18,CDLDOJI,100
2002-11-18,CDLSPINNINGTOP,100
2002-11-19,CDLMARUBOZU,-100
2002-11-19,CDLCLOSINGMARUBOZU,-100
2002-11-19,CDLLONGLINE,-100
2002-11-19,CDLENGULFING,-100
2002-11-19,CDLBELTHOLD,-100
2002-11-20,CDLLONGLINE,-100
2002-11-20,CDL3OUTSIDE,-100
2002-11-20,CDLCLOSINGMARUBOZU,-100
2002-11-21,CDLCLOSINGMARUBOZU,-100
2002-11-22,CDLHOMINGPIGEON,100
2002-11-22,CDLHARAMI,100
2002-11-25,CDLHIKKAKE,-100
2002-11-25,CDLHANGINGMAN,-100
2002-11-26,CDLINVERTEDHAMMER,100
2002-11-29,CDLHIKKAKE,100
2002-11-29,CDLSPINNINGTOP,100
2002-11-29,CDLHIGHWAVE,100
2002-11-29,CDLDOJI,100
2002-11-29,CDLLONGLEGGEDDOJI,100
2002-12-02,CDLDOJI,100
2002-12-02,CDLSHORTLINE,100
2002-12-02,CDLGAPSIDESIDEWHITE,-100
2002-12-03,CDLCLOSINGMARUBOZU,100
2002-12-03,CDLHIKKAKE,-100
2002-12-04,CDLCLOSINGMARUBOZU,-100
2002-12-05,CDLSPINNINGTOP,100
2002-12-05,CDLHIGHWAVE,100
2002-12-06,CDLDOJI,100
2002-12-06,CDLLONGLEGGEDDOJI,100
2002-12-06,CDLSHORTLINE,100
2002-12-06,CDLGRAVESTONEDOJI,100
2002-12-06,CDLSHOOTINGSTAR,-100
2002-12-09,CDLCLOSINGMARUBOZU,-100
2002-12-09,CDLMARUBOZU,-100
2002-12-09,CDLLONGLINE,-100
2002-12-09,CDLBELTHOLD,-100
2002-12-12,CDLCLOSINGMARUBOZU,-100
2002-12-12,CDLENGULFING,-100
2002-12-13,CDLDOJI,100
2002-12-13,CDLLONGLEGGEDDOJI,100
2002-12-13,CDLDOJISTAR,100
2002-12-13,CDL3OUTSIDE,-100
2002-12-13,CDLSPINNINGTOP,100
2002-12-13,CDLHIGHWAVE,100
2002-12-16,CDLLONGLINE,100
2002-12-16,CDLBELTHOLD,100
2002-12-17,CDLCLOSINGMARUBOZU,-100
2002-12-17,CDLDARKCLOUDCOVER,-100
2002-12-18,CDLBELTHOLD,-100
2002-12-18,CDLLONGLINE,-100
2002-12-19,CDLONNECK,-100
2002-12-19,CDLINVERTEDHAMMER,100
2002-12-20,CDLMORNINGSTAR,100
2002-12-20,CDLCLOSINGMARUBOZU,100
2002-12-23,CDLLONGLINE,-100
2002-12-23,CDLCLOSINGMARUBOZU,-100
2002-12-24,CDLLONGLEGGEDDOJI,100
2002-12-24,CDLDOJI,100
2002-12-24,CDLGRAVESTONEDOJI,100
2002-12-25,CDLCLOSINGMARUBOZU,-100
2002-12-25,CDLBELTHOLD,-100
2002-12-25,CDLENGULFING,-100
2002-12-25,CDLMARUBOZU,-100
2002-12-25,CDLLONGLINE,-100
2002-12-26,CDLLONGLINE,100
2002-12-26,CDLCLOSINGMARUBOZU,100
2002-12-26,CDLMARUBOZU,100
2002-12-26,CDLBELTHOLD,100
2002-12-27,CDLBELTHOLD,-100
2002-12-27,CDLMARUBOZU,-100
2002-12-27,CDLLONGLINE,-100
2002-12-27,CDLCLOSINGMARUBOZU,-100
2002-12-30,CDLINVERTEDHAMMER,100
2002-12-31,CDLMORNINGSTAR,100
2002-12-31,CDLCLOSINGMARUBOZU,100
2003-01-01,CDLDOJI,100
2003-01-01,CDLSHORTLINE,100
2003-01-02,CDLINVERTEDHAMMER,100
2003-01-06,CDLSPINNINGTOP,-100
2003-01-10,CDLSPINNINGTOP,-100
2003-01-15,CDLCLOSINGMARUBOZU,-100
2003-01-16,CDLLONGLINE,-100
2003-01-16,CDLCLOSINGMARUBOZU,-100
2003-01-17,CDLINVERTEDHAMMER,100
2003-01-21,CDLCLOSINGMARUBOZU,100
2003-01-21,CDLBELTHOLD,100
2003-01-21,CDLLONGLINE,100
2003-01-21,CDLMARUBOZU,100
2003-01-22,CDLGRAVESTONEDOJI,100
2003-01-22,CDLSHOOTINGSTAR,-100
2003-01-22,CDLSPINNINGTOP,100
2003-01-22,CDLDOJISTAR,-100
2003-01-22,CDLHIGHWAVE,100
2003-01-22,CDLDOJI,100
2003-01-22,CDLLONGLEGGEDDOJI,100
2003-01-23,CDLHANGINGMAN,-100
2003-01-24,CDLENGULFING,-100
2003-01-24,CDLCLOSINGMARUBOZU,-100
2003-01-27,CDL3OUTSIDE,-100
2003-01-27,CDLCLOSINGMARUBOZU,-100
2003-01-28,CDLSHORTLINE,100
2003-01-29,CDLSHORTLINE,100
2003-01-29,CDLDOJI,100
2003-01-30,CDLSHORTLINE,100
2003-01-30,CDLDOJI,100
2003-01-31,CDLDOJI,100
2003-01-31,CDLSHORTLINE,100
2003-02-03,CDLDOJI,100
2003-02-03,CDLSHORTLINE,100
2003-02-04,CDLDOJI,100
2003-02-04,CDLSHORTLINE,100
2003-02-05,CDLDOJI,100
2003-02-05,CDLSHORTLINE,100
2003-02-11,CDLBELTHOLD,100
2003-02-12,CDLSPINNINGTOP,-100
2003-02-12,CDLHIGHWAVE,-100
2003-02-14,CDLMATCHINGLOW,100
2003-02-17,CDLCLOSINGMARUBOZU,100
2003-02-18,CDLCLOSINGMARUBOZU,-100
2003-02-18,CDLLONGLINE,-100
2003-02-18,CDLMARUBOZU,-100
2003-02-18,CDLBELTHOLD,-100
2003-02-19,CDLBELTHOLD,-100
2003-02-21,CDLMARUBOZU,-100
2003-02-21,CDLCLOSINGMARUBOZU,-100
2003-02-21,CDLLONGLINE,-100
2003-02-21,CDLBELTHOLD,-100
2003-02-24,CDLHIGHWAVE,100
2003-02-24,CDLDOJI,100
2003-02-24,CDLSPINNINGTOP,100
2003-02-24,CDLLONGLEGGEDDOJI,100
2003-02-25,CDLBELTHOLD,-100
2003-02-25,CDLCLOSINGMARUBOZU,-100
2003-02-25,CDLMARUBOZU,-100
2003-02-25,CDLLONGLINE,-100
2003-02-26,CDLCLOSINGMARUBOZU,-100
2003-02-27,CDLSPINNINGTOP,-100
2003-02-27,CDLHIGHWAVE,-100
2003-02-28,CDLDOJI,100
2003-02-28,CDLSHORTLINE,100
2003-03-03,CDLHIKKAKE,-100
2003-03-04,CDLDOJI,100
2003-03-04,CDLGRAVESTONEDOJI,100
2003-03-04,CDLLONGLEGGEDDOJI,100
2003-03-04,CDLINVERTEDHAMMER,100
2003-03-05,CDLCLOSINGMARUBOZU,-100
2003-03-05,CDLLONGLINE,-100
2003-03-05,CDLENGULFING,-100
2003-03-05,CDLHIKKAKE,-200
2003-03-06,CDLSPINNINGTOP,100
2003-03-07,CDLSPINNINGTOP,-100
2003-03-10,CDLBELTHOLD,100
2003-03-11,CDLBELTHOLD,-100
2003-03-11,CDLLONGLINE,-100
2003-03-11,CDLCLOSINGMARUBOZU,-100
2003-03-11,CDLMARUBOZU,-100
2003-03-13,CDLBELTHOLD,100
2003-03-14,CDLBELTHOLD,100
2003-03-17,CDLSPINNINGTOP,-100
2003-03-18,CDLBELTHOLD,100
2003-03-18,CDLSEPARATINGLINES,100
2003-03-19,CDLSHORTLINE,-100
2003-03-19,CDLHARAMI,-100
2003-03-20,CDLBELTHOLD,-100
2003-03-21,CDLRICKSHAWMAN,100
2003-03-21,CDLHARAMICROSS,100
2003-03-21,CDLHIGHWAVE,100
2003-03-21,CDLLONGLEGGEDDOJI,100
2003-03-21,CDLHARAMI,100
2003-03-21,CDLSHORTLINE,100
2003-03-21,CDLSPINNINGTOP,100
2003-03-21,CDLDOJI,100
2003-03-24,CDLCLOSINGMARUBOZU,100
2003-03-24,CDLHIKKAKE,-100
2003-03-24,CDL3INSIDE,100
2003-03-26,CDLSHORTLINE,-100
2003-03-27,CDLLONGLINE,100
2003-03-27,CDLCLOSINGMARUBOZU,100
2003-03-31,CDLLONGLINE,-100
2003-03-31,CDLCLOSINGMARUBOZU,-100
2003-04-02,CDLENGULFING,-100
2003-04-02,CDLLONGLINE,-100
2003-04-02,CDLBELTHOLD,-100
2003-04-03,CDLBELTHOLD,-100
2003-04-03,CDLMATCHINGLOW,100
2003-04-03,CDLLONGLINE,-100
2003-04-03,CDLMARUBOZU,-100
2003-04-03,CDLCLOSINGMARUBOZU,-100
2003-04-04,CDLBELTHOLD,100
2003-04-04,CDLPIERCING,100
2003-04-07,CDLHANGINGMAN,-100
2003-04-10,CDLRICKSHAWMAN,100
2003-04-10,CDLSPINNINGTOP,-100
2003-04-10,CDLLONGLEGGEDDOJI,100
2003-04-10,CDLHIGHWAVE,-100
2003-04-10,CDLDOJI,100
2003-04-10,CDLDOJISTAR,-100
2003-04-16,CDLSHORTLINE,-100
2003-04-16,CDLHIKKAKE,100
2003-04-17,CDLCLOSINGMARUBOZU,100
2003-04-17,CDLHIKKAKE,200
2003-04-18,CDLSPINNINGTOP,-100
2003-04-22,CDLMARUBOZU,-100
2003-04-22,CDLCLOSINGMARUBOZU,-100
2003-04-22,CDLLONGLINE,-100
2003-04-22,CDLBELTHOLD,-100
2003-04-24,CDLSHORTLINE,100
2003-04-24,CDLDOJI,100
2003-04-24,CDLDOJISTAR,100
2003-04-25,CDLLONGLEGGEDDOJI,100
2003-04-25,CDLGRAVESTONEDOJI,100
2003-04-25,CDLDOJI,100
2003-04-25,CDLINVERTEDHAMMER,100
2003-04-28,CDLINVERTEDHAMMER,100
2003-04-28,CDLSHORTLINE,-100
2003-04-29,CDLLONGLEGGEDDOJI,100
2003-04-29,CDLSPINNINGTOP,100
2003-04-29,CDLHIGHWAVE,100
2003-04-29,CDLDOJI,100
2003-04-29,CDLRICKSHAWMAN,100
2003-04-30,CDLCLOSINGMARUBOZU,-100
2003-04-30,CDLENGULFING,-100
2003-04-30,CDLLONGLINE,-100
2003-05-01,CDLSHORTLINE,100
2003-05-01,CDLDOJI,100
2003-05-02,CDLHIKKAKE,100
2003-05-02,CDLSPINNINGTOP,-100
2003-05-05,CDLBELTHOLD,100
2003-05-06,CDLCLOSINGMARUBOZU,100
2003-05-06,CDLLONGLINE,100
2003-05-06,CDLMARUBOZU,100
2003-05-06,CDLBELTHOLD,100
2003-05-07,CDLSHOOTINGSTAR,-100
2003-05-07,CDLSTALLEDPATTERN,-100
2003-05-07,CDLHIKKAKE,200
2003-05-08,CDLCLOSINGMARUBOZU,-100
2003-05-09,CDLSHORTLINE,-100
2003-05-15,CDLSHORTLINE,-100
2003-05-19,CDLHAMMER,100
2003-05-21,CDLCLOSINGMARUBOZU,-100
2003-05-22,CDLTHRUSTING,-100
2003-05-23,CDLCLOSINGMARUBOZU,100
2003-05-26,CDLLONGLEGGEDDOJI,100
2003-05-26,CDLDOJISTAR,-100
2003-05-26,CDLDRAGONFLYDOJI,100
2003-05-26,CDLHANGINGMAN,-100
2003-05-26,CDLDOJI,100
2003-05-26,CDLTAKURI,100
2003-05-29,CDLSPINNINGTOP,-100
2003-06-02,CDLSPINNINGTOP,100
2003-06-02,CDLLONGLEGGEDDOJI,100
2003-06-02,CDLDOJI,100
2003-06-02,CDLRICKSHAWMAN,100
2003-06-02,CDLHIGHWAVE,100
2003-06-03,CDLLONGLINE,100
2003-06-04,CDLDOJI,100
2003-06-04,CDLSHORTLINE,100
2003-06-05,CDLSHOOTINGSTAR,-100
2003-06-05,CDLHIKKAKE,-100
2003-06-09,CDLBELTHOLD,100
2003-06-10,CDLBELTHOLD,100
2003-06-11,CDLENGULFING,-100
2003-06-11,CDLLONGLINE,-100
2003-06-11,CDLCLOSINGMARUBOZU,-100
2003-06-12,CDLLONGLINE,-100
2003-06-12,CDL3OUTSIDE,-100
2003-06-12,CDLBELTHOLD,-100
2003-06-13,CDLBELTHOLD,100
2003-06-17,CDLBELTHOLD,-100
2003-06-18,CDLSPINNINGTOP,100
2003-06-18,CDLHARAMI,100
2003-06-19,CDL3INSIDE,100
2003-06-20,CDLGRAVESTONEDOJI,100
2003-06-20,CDLDOJI,100
2003-06-20,CDLLONGLEGGEDDOJI,100
2003-06-23,CDLMARUBOZU,-100
2003-06-23,CDLCLOSINGMARUBOZU,-100
2003-06-23,CDLBELTHOLD,-100
2003-06-23,CDLLONGLINE,-100
2003-06-23,CDLENGULFING,-100
2003-06-24,CDLTHRUSTING,-100
2003-06-24,CDLLONGLINE,100
2003-06-24,CDLBELTHOLD,100
2003-06-26,CDLHIGHWAVE,100
2003-06-26,CDLSPINNINGTOP,100
2003-06-26,CDLLONGLEGGEDDOJI,100
2003-06-26,CDLRICKSHAWMAN,100
2003-06-26,CDLDOJI,100
2003-06-27,CDLCLOSINGMARUBOZU,-100
2003-06-27,CDLLONGLINE,-100
2003-06-27,CDLENGULFING,-100
2003-06-30,CDLDOJI,100
2003-06-30,CDLHARAMICROSS,100
2003-06-30,CDLSPINNINGTOP,100
2003-06-30,CDLHIGHWAVE,100
2003-06-30,CDLHARAMI,100
2003-06-30,CDLLONGLEGGEDDOJI,100
2003-06-30,CDLRICKSHAWMAN,100
2003-07-01,CDLDOJI,100
2003-07-01,CDLSHORTLINE,100
2003-07-01,CDL3INSIDE,100
2003-07-02,CDLSHORTLINE,100
2003-07-02,CDLDOJI,100
2003-07-03,CDLBELTHOLD,-100
2003-07-04,CDLHIGHWAVE,100
2003-07-04,CDLHARAMI,100
2003-07-04,CDLSPINNINGTOP,100
2003-07-07,CDL3INSIDE,100
2003-07-07,CDLCLOSINGMARUBOZU,100
2003-07-08,CDLDARKCLOUDCOVER,-100
2003-07-08,CDLCLOSINGMARUBOZU,-100
2003-07-14,CDLDOJI,100
2003-07-14,CDLRICKSHAWMAN,100
2003-07-14,CDLLONGLEGGEDDOJI,100
2003-07-14,CDLHIGHWAVE,100
2003-07-14,CDLHIKKAKE,-100
2003-07-14,CDLSPINNINGTOP,100
2003-07-15,CDLLONGLINE,-100
2003-07-15,CDLCLOSINGMARUBOZU,-100
2003-07-15,CDLENGULFING,-100
2003-07-16,CDLLONGLINE,-100
2003-07-16,CDL3OUTSIDE,-100
2003-07-16,CDLBELTHOLD,-100
2003-07-17,CDLTHRUSTING,-100
2003-07-22,CDLLONGLEGGEDDOJI,100
2003-07-22,CDLHIGHWAVE,100
2003-07-22,CDLDOJI,100
2003-07-22,CDLSPINNINGTOP,100
2003-07-23,CDLMARUBOZU,-100
2003-07-23,CDLLONGLINE,-100
2003-07-23,CDLBELTHOLD,-100
2003-07-23,CDLCLOSINGMARUBOZU,-100
2003-07-24,CDLSHORTLINE,100
2003-07-25,CDLSPINNINGTOP,100
2003-07-28,CDLLONGLINE,-100
2003-07-28,CDLENGULFING,-100
2003-07-28,CDLCLOSINGMARUBOZU,-100
2003-07-29,CDLSPINNINGTOP,-100
2003-07-29,CDLLONGLEGGEDDOJI,100
2003-07-29,CDLSHORTLINE,-100
2003-07-29,CDLDOJI,100
2003-07-29,CDLMATCHINGLOW,100
2003-07-29,CDLRICKSHAWMAN,100
2003-07-29,CDLHIGHWAVE,-100
2003-07-30,CDLSPINNINGTOP,-100
2003-07-30,CDLLONGLEGGEDDOJI,100
2003-07-30,CDLDOJI,100
2003-07-30,CDLMATCHINGLOW,100
2003-07-30,CDLRICKSHAWMAN,100
2003-07-30,CDLHIGHWAVE,-100
2003-07-31,CDLCLOSINGMARUBOZU,-100
2003-08-01,CDLHARAMI,100
2003-08-04,CDLBELTHOLD,-100
2003-08-04,CDLCLOSINGMARUBOZU,-100
2003-08-04,CDLMARUBOZU,-100
2003-08-04,CDLLONGLINE,-100
2003-08-05,CDLBELTHOLD,-100
2003-08-08,CDLHIGHWAVE,100
2003-08-08,CDLLONGLEGGEDDOJI,100
2003-08-08,CDLSPINNINGTOP,100
2003-08-08,CDLDOJI,100
2003-08-11,CDLDOJI,100
2003-08-11,CDLLONGLEGGEDDOJI,100
2003-08-11,CDLRICKSHAWMAN,100
2003-08-11,CDLSPINNINGTOP,100
2003-08-11,CDLHIGHWAVE,100
2003-08-12,CDLSEPARATINGLINES,-100
2003-08-12,CDLBELTHOLD,-100
2003-08-12,CDLCLOSINGMARUBOZU,-100
2003-08-12,CDLMARUBOZU,-100
2003-08-12,CDLLONGLINE,-100
2003-08-13,CDLLONGLINE,100
2003-08-13,CDLMARUBOZU,100
2003-08-13,CDLBELTHOLD,100
2003-08-13,CDLCLOSINGMARUBOZU,100
2003-08-14,CDLCLOSINGMARUBOZU,-100
2003-08-15,CDLCLOSINGMARUBOZU,-100
2003-08-18,CDLSHORTLINE,-100
2003-08-18,CDL3BLACKCROWS,-100
2003-08-21,CDLSHORTLINE,-100
2003-08-22,CDLSHORTLINE,-100
2003-08-26,CDLMARUBOZU,-100
2003-08-26,CDLLONGLINE,-100
2003-08-26,CDLCLOSINGMARUBOZU,-100
2003-08-26,CDLBELTHOLD,-100
2003-08-27,CDLMATCHINGLOW,100
2003-09-01,CDLHIKKAKE,100
2003-09-01,CDLBELTHOLD,-100
2003-09-01,CDLLONGLINE,-100
2003-09-02,CDLBELTHOLD,-100
2003-09-02,CDLLONGLINE,-100
2003-09-03,CDLBELTHOLD,100
2003-09-03,CDLLONGLINE,100
2003-09-03,CDLCLOSINGMARUBOZU,100
2003-09-03,CDLMARUBOZU,100
2003-09-08,CDLLONGLEGGEDDOJI,100
2003-09-08,CDLGRAVESTONEDOJI,100
2003-09-08,CDLDOJI,100
2003-09-09,CDLENGULFING,-100
2003-09-11,CDLSHORTLINE,100
2003-09-11,CDLDOJI,100
2003-09-12,CDLSHORTLINE,100
2003-09-15,CDLDOJI,100
2003-09-15,CDLRICKSHAWMAN,100
2003-09-15,CDLLONGLEGGEDDOJI,100
2003-09-15,CDLSPINNINGTOP,100
2003-09-15,CDLHIGHWAVE,100
2003-09-16,CDLBELTHOLD,100
2003-09-18,CDLSPINNINGTOP,100
2003-09-18,CDLHIGHWAVE,100
2003-09-22,CDLHAMMER,100
2003-09-23,CDLCLOSINGMARUBOZU,100
2003-09-23,CDLLONGLINE,100
2003-09-24,CDLCLOSINGMARUBOZU,-100
2003-09-25,CDLBELTHOLD,-100
2003-09-26,CDLLONGLEGGEDDOJI,100
2003-09-26,CDLSPINNINGTOP,100
2003-09-26,CDLDOJI,100
2003-09-26,CDLHIGHWAVE,100
2003-09-29,CDLBELTHOLD,-100
2003-09-29,CDLLONGLINE,-100
2003-09-29,CDLSEPARATINGLINES,-100
2003-09-30,CDLCLOSINGMARUBOZU,-100
2003-09-30,CDLLONGLINE,-100
2003-10-01,CDLLONGLINE,-100
2003-10-01,CDLCLOSINGMARUBOZU,-100
2003-10-02,CDLXSIDEGAP3METHODS,-100
2003-10-02,CDLLONGLINE,100
2003-10-06,CDLSHORTLINE,-100
2003-10-07,CDLBELTHOLD,-100
2003-10-07,CDLMARUBOZU,-100
2003-10-07,CDLLONGLINE,-100
2003-10-07,CDLCLOSINGMARUBOZU,-100
2003-10-10,CDLDOJI,100
2003-10-10,CDLSHORTLINE,100
2003-10-13,CDLSHOOTINGSTAR,-100
2003-10-13,CDLHIKKAKE,-100
2003-10-14,CDLBELTHOLD,-100
2003-10-14,CDLENGULFING,-100
2003-10-15,CDLCLOSINGMARUBOZU,100
2003-10-16,CDLHIKKAKE,-100
2003-10-16,CDLCLOSINGMARUBOZU,100
2003-10-16,CDLMARUBOZU,100
2003-10-16,CDLLONGLINE,100
2003-10-16,CDLBELTHOLD,100
2003-10-17,CDLDARKCLOUDCOVER,-100
2003-10-17,CDLCLOSINGMARUBOZU,-100
2003-10-21,CDLCLOSINGMARUBOZU,-100
2003-10-22,CDLHARAMI,100
2003-10-22,CDLHOMINGPIGEON,100
2003-10-23,CDLHIKKAKE,100
2003-10-23,CDLINVERTEDHAMMER,100
2003-10-29,CDLRICKSHAWMAN,100
2003-10-29,CDLLONGLEGGEDDOJI,100
2003-10-29,CDLSPINNINGTOP,100
2003-10-29,CDLHIGHWAVE,100
2003-10-29,CDLDOJI,100
2003-11-03,CDLMARUBOZU,100
2003-11-03,CDLLONGLINE,100
2003-11-03,CDLCLOSINGMARUBOZU,100
2003-11-03,CDLBELTHOLD,100
2003-11-04,CDLCLOSINGMARUBOZU,-100
2003-11-04,CDLCOUNTERATTACK,-100
2003-11-05,CDLBELTHOLD,100
2003-11-07,CDLCLOSINGMARUBOZU,100
2003-11-10,CDLCLOSINGMARUBOZU,100
2003-11-11,CDLSPINNINGTOP,100
2003-11-11,CDLHIGHWAVE,100
2003-11-12,CDLENGULFING,-100
2003-11-12,CDLLONGLINE,-100
2003-11-12,CDLBELTHOLD,-100
2003-11-13,CDLHIKKAKE,-100
2003-11-13,CDLHIGHWAVE,-100
2003-11-13,CDLSPINNINGTOP,-100
2003-11-14,CDLLONGLINE,-100
2003-11-14,CDLBELTHOLD,-100
2003-11-18,CDLLONGLINE,-100
2003-11-18,CDLENGULFING,-100
2003-11-18,CDLHIKKAKE,-200
2003-11-19,CDLCLOSINGMARUBOZU,100
2003-11-20,CDLSPINNINGTOP,100
2003-11-21,CDLLONGLINE,100
2003-11-21,CDLCLOSINGMARUBOZU,100
2003-11-24,CDLCLOSINGMARUBOZU,-100
2003-11-25,CDLHARAMI,100
2003-11-25,CDLSPINNINGTOP,100
2003-11-25,CDLHIGHWAVE,100
2003-11-26,CDLSHORTLINE,-100
2003-11-27,CDLLONGLINE,-100
2003-11-27,CDLBELTHOLD,-100
2003-11-28,CDLSHORTLINE,-100
2003-12-01,CDLBELTHOLD,100
2003-12-01,CDLLONGLINE,100
2003-12-01,CDLMARUBOZU,100
2003-12-01,CDLCLOSINGMARUBOZU,100
2003-12-03,CDLSPINNINGTOP,100
2003-12-03,CDLHIGHWAVE,100
2003-12-05,CDLSHORTLINE,-100
2003-12-09,CDLSHORTLINE,-100
2003-12-11,CDLSHORTLINE,-100
2003-12-12,CDLSPINNINGTOP,-100
2003-12-12,CDLSHORTLINE,-100
2003-12-12,CDLHIKKAKE,-100
2003-12-15,CDLCLOSINGMARUBOZU,100
2003-12-19,CDLHIKKAKE,-100
2003-12-23,CDLCLOSINGMARUBOZU,100
2003-12-23,CDLBELTHOLD,100
2003-12-23,CDLLONGLINE,100
2003-12-23,CDLMARUBOZU,100
2003-12-24,CDLBELTHOLD,-100
2003-12-29,CDLBELTHOLD,100
2003-12-29,CDLMARUBOZU,100
2003-12-29,CDLLONGLINE,100
2003-12-29,CDLCLOSINGMARUBOZU,100
2003-12-30,CDLSHORTLINE,-100
2003-12-31,CDLBELTHOLD,-100
2003-12-31,CDLCLOSINGMARUBOZU,-100
2003-12-31,CDLMARUBOZU,-100
2003-12-31,CDLLONGLINE,-100
2004-01-01,CDLDOJI,100
2004-01-01,CDLSHORTLINE,100
2004-01-02,CDLENGULFING,-100
2004-01-08,CDLMARUBOZU,-100
2004-01-08,CDLLONGLINE,-100
2004-01-08,CDLCLOSINGMARUBOZU,-100
2004-01-08,CDLSTICKSANDWICH,100
2004-01-08,CDLENGULFING,-100
2004-01-08,CDLBELTHOLD,-100
2004-01-09,CDLHOMINGPIGEON,100
2004-01-09,CDLHARAMI,100
2004-01-13,CDLBELTHOLD,-100
2004-01-13,CDLLONGLINE,-100
2004-01-14,CDLLONGLINE,100
2004-01-14,CDLCLOSINGMARUBOZU,100
2004-01-15,CDLENGULFING,-100
2004-01-15,CDLLONGLINE,-100
2004-01-15,CDLBELTHOLD,-100
2004-01-16,CDLBELTHOLD,-100
2004-01-16,CDL3OUTSIDE,-100
2004-01-16,CDLLONGLINE,-100
2004-01-16,CDLMARUBOZU,-100
2004-01-16,CDLCLOSINGMARUBOZU,-100
2004-01-19,CDLSHORTLINE,100
2004-01-19,CDLDOJI,100
2004-01-20,CDLSHORTLINE,100
2004-01-20,CDLDOJI,100
2004-01-21,CDLDOJI,100
2004-01-21,CDLSHORTLINE,100
2004-01-22,CDLDOJI,100
2004-01-22,CDLSHORTLINE,100
2004-01-23,CDLSHORTLINE,100
2004-01-23,CDLDOJI,100
2004-01-26,CDLSHORTLINE,100
2004-01-26,CDLDOJI,100
2004-01-27,CDLCLOSINGMARUBOZU,-100
2004-01-30,CDLHIKKAKE,-100
2004-01-30,CDLBELTHOLD,100
2004-02-02,CDLBELTHOLD,100
2004-02-03,CDLBELTHOLD,-100
2004-02-03,CDLSEPARATINGLINES,-100
2004-02-04,CDLLONGLINE,-100
2004-02-04,CDLCLOSINGMARUBOZU,-100
2004-02-04,CDLMARUBOZU,-100
2004-02-04,CDLBELTHOLD,-100
2004-02-05,CDLCLOSINGMARUBOZU,-100
2004-02-09,CDLHANGINGMAN,-100
2004-02-11,CDLLONGLINE,-100
2004-02-12,CDLHIKKAKE,100
2004-02-13,CDLHIGHWAVE,100
2004-02-13,CDLHARAMI,100
2004-02-13,CDLSPINNINGTOP,100
2004-02-16,CDLMARUBOZU,-100
2004-02-16,CDLBELTHOLD,-100
2004-02-16,CDLLONGLINE,-100
2004-02-16,CDLCLOSINGMARUBOZU,-100
2004-02-16,CDLENGULFING,-100
2004-02-17,CDLHARAMI,100
2004-02-17,CDLSPINNINGTOP,100
2004-02-18,CDLSHORTLINE,-100
2004-02-19,CDLHIKKAKE,100
2004-02-20,CDLSPINNINGTOP,-100
2004-02-20,CDLHIGHWAVE,-100
2004-02-23,CDLSHORTLINE,-100
2004-02-24,CDLHIKKAKE,100
2004-02-24,CDLSPINNINGTOP,-100
2004-02-25,CDLSHORTLINE,100
2004-02-26,CDLSHORTLINE,-100
2004-02-27,CDLSHORTLINE,-100
2004-03-01,CDL3BLACKCROWS,-100
2004-03-01,CDLSHORTLINE,-100
2004-03-02,CDLDOJI,100
2004-03-02,CDLHIGHWAVE,100
2004-03-02,CDLSPINNINGTOP,100
2004-03-02,CDLLONGLEGGEDDOJI,100
2004-03-03,CDLSPINNINGTOP,100
2004-03-04,CDLSHOOTINGSTAR,-100
2004-03-05,CDLCLOSINGMARUBOZU,-100
2004-03-05,CDLMATCHINGLOW,100
2004-03-08,CDLMATCHINGLOW,100
2004-03-08,CDLCLOSINGMARUBOZU,-100
2004-03-09,CDLMATCHINGLOW,100
2004-03-10,CDLCLOSINGMARUBOZU,-100
2004-03-10,CDLLONGLINE,-100
2004-03-11,CDLSHORTLINE,-100
2004-03-12,CDLDOJI,100
2004-03-12,CDLLONGLEGGEDDOJI,100
2004-03-12,CDLGRAVESTONEDOJI,100
2004-03-15,CDLSHOOTINGSTAR,-100
2004-03-16,CDLLONGLINE,-100
2004-03-17,CDLLONGLINE,-100
2004-03-17,CDLCLOSINGMARUBOZU,-100
2004-03-18,CDLHARAMI,100
2004-03-18,CDLHOMINGPIGEON,100
2004-03-18,CDLSHORTLINE,-100
2004-03-18,CDLSPINNINGTOP,-100
2004-03-19,CDLSHORTLINE,-100
2004-03-22,CDLDOJI,100
2004-03-22,CDLSHORTLINE,100
2004-03-23,CDLGRAVESTONEDOJI,100
2004-03-23,CDLINVERTEDHAMMER,100
2004-03-23,CDLDOJI,100
2004-03-23,CDLLONGLEGGEDDOJI,100
2004-03-24,CDLENGULFING,-100
2004-03-24,CDLLONGLINE,-100
2004-03-25,CDLHARAMI,100
2004-03-26,CDLENGULFING,-100
2004-03-26,CDLBELTHOLD,-100
2004-03-31,CDLBELTHOLD,-100
2004-04-01,CDLSPINNINGTOP,-100
2004-04-01,CDLMATCHINGLOW,100
2004-04-02,CDLRICKSHAWMAN,100
2004-04-02,CDLSPINNINGTOP,100
2004-04-02,CDLDOJI,100
2004-04-02,CDLLONGLEGGEDDOJI,100
2004-04-02,CDLHIGHWAVE,100
2004-04-05,CDLLONGLINE,100
2004-04-05,CDLCLOSINGMARUBOZU,100
2004-04-06,CDLLONGLINE,100
2004-04-06,CDLCLOSINGMARUBOZU,100
2004-04-07,CDLCLOSINGMARUBOZU,-100
2004-04-07,CDLBELTHOLD,-100
2004-04-07,CDLDARKCLOUDCOVER,-100
2004-04-07,CDLMARUBOZU,-100
2004-04-07,CDLLONGLINE,-100
2004-04-08,CDLMATCHINGLOW,100
2004-04-09,CDLSHORTLINE,-100
2004-04-09,CDLMATCHINGLOW,100
2004-04-15,CDLSHOOTINGSTAR,-100
2004-04-16,CDLLONGLINE,-100
2004-04-16,CDLBELTHOLD,-100
2004-04-19,CDLLONGLINE,-100
2004-04-19,CDLCLOSINGMARUBOZU,-100
2004-04-20,CDLINVERTEDHAMMER,100
2004-04-23,CDLMATCHINGLOW,100
2004-04-28,CDLCLOSINGMARUBOZU,-100
2004-04-29,CDLCLOSINGMARUBOZU,-100
2004-05-03,CDLBELTHOLD,-100
2004-05-05,CDLLONGLINE,-100
2004-05-05,CDLBELTHOLD,-100
2004-05-05,CDLENGULFING,-100
2004-05-05,CDLCLOSINGMARUBOZU,-100
2004-05-05,CDLMARUBOZU,-100
2004-05-06,CDLBELTHOLD,100
2004-05-06,CDL3OUTSIDE,-100
2004-05-10,CDLLONGLINE,-100
2004-05-10,CDLHIKKAKE,100
2004-05-10,CDLBELTHOLD,-100
2004-05-10,CDLCLOSINGMARUBOZU,-100
2004-05-10,CDLMARUBOZU,-100
2004-05-12,CDLSHORTLINE,100
2004-05-13,CDLSHORTLINE,-100
2004-05-17,CDLCLOSINGMARUBOZU,-100
2004-05-17,CDLMARUBOZU,-100
2004-05-17,CDLBELTHOLD,-100
2004-05-17,CDLLONGLINE,-100
2004-05-18,CDLINVERTEDHAMMER,100
2004-05-19,CDLSHORTLINE,100
2004-05-20,CDLCLOSINGMARUBOZU,-100
2004-05-20,CDLMARUBOZU,-100
2004-05-20,CDLLONGLINE,-100
2004-05-20,CDLBELTHOLD,-100
2004-05-21,CDLCLOSINGMARUBOZU,100
2004-05-21,CDLBELTHOLD,100
2004-05-21,CDLLONGLINE,100
2004-05-21,CDLMARUBOZU,100
2004-05-24,CDLCLOSINGMARUBOZU,100
2004-05-25,CDLADVANCEBLOCK,-100
2004-05-25,CDLSTALLEDPATTERN,-100
2004-05-26,CDLCLOSINGMARUBOZU,-100
2004-05-26,CDLLONGLINE,-100
2004-05-26,CDLBELTHOLD,-100
2004-05-26,CDLMARUBOZU,-100
2004-05-27,CDLSHORTLINE,-100
2004-05-27,CDLHOMINGPIGEON,100
2004-05-27,CDLHARAMI,100
2004-05-28,CDLRICKSHAWMAN,100
2004-05-28,CDLLONGLEGGEDDOJI,100
2004-05-28,CDLSPINNINGTOP,100
2004-05-28,CDLDOJI,100
2004-05-31,CDLLONGLINE,-100
2004-05-31,CDLENGULFING,-100
2004-05-31,CDLCLOSINGMARUBOZU,-100
2004-05-31,CDLBELTHOLD,-100
2004-05-31,CDLMARUBOZU,-100
2004-06-01,CDLCLOSINGMARUBOZU,100
2004-06-02,CDLSHOOTINGSTAR,-100
2004-06-03,CDLADVANCEBLOCK,-100
2004-06-04,CDLSPINNINGTOP,100
2004-06-04,CDLHIGHWAVE,100
2004-06-04,CDLDOJI,100
2004-06-04,CDLLONGLEGGEDDOJI,100
2004-06-04,CDLRICKSHAWMAN,100
2004-06-07,CDLLONGLINE,100
2004-06-07,CDLMARUBOZU,100
2004-06-07,CDLBELTHOLD,100
2004-06-07,CDLHIKKAKE,-100
2004-06-07,CDLCLOSINGMARUBOZU,100
2004-06-08,CDLSPINNINGTOP,-100
2004-06-08,CDLHIGHWAVE,-100
2004-06-10,CDLSHORTLINE,-100
2004-06-11,CDLLONGLINE,-100
2004-06-11,CDLHIKKAKE,100
2004-06-11,CDLBELTHOLD,-100
2004-06-16,CDLLONGLINE,-100
2004-06-16,CDLCLOSINGMARUBOZU,-100
2004-06-16,CDLMARUBOZU,-100
2004-06-16,CDLBELTHOLD,-100
2004-06-16,CDLENGULFING,-100
2004-06-17,CDL3OUTSIDE,-100
2004-06-18,CDLSHORTLINE,100
2004-06-21,CDLBELTHOLD,-100
2004-06-21,CDLCLOSINGMARUBOZU,-100
2004-06-21,CDLENGULFING,-100
2004-06-21,CDLLONGLINE,-100
2004-06-21,CDLMARUBOZU,-100
2004-06-22,CDLSHORTLINE,100
2004-06-22,CDLDOJI,100
2004-06-25,CDLBELTHOLD,100
2004-06-29,CDLSHORTLINE,100
2004-06-30,CDLENGULFING,-100
2004-07-01,CDLSPINNINGTOP,100
2004-07-06,CDLSHORTLINE,100
2004-07-08,CDLCLOSINGMARUBOZU,-100
2004-07-08,CDLLONGLINE,-100
2004-07-08,CDLMARUBOZU,-100
2004-07-08,CDLBELTHOLD,-100
2004-07-12,CDLENGULFING,-100
2004-07-12,CDLMARUBOZU,-100
2004-07-12,CDLCLOSINGMARUBOZU,-100
2004-07-12,CDLLONGLINE,-100
2004-07-12,CDLBELTHOLD,-100
2004-07-13,CDL3OUTSIDE,-100
2004-07-13,CDLSHORTLINE,-100
2004-07-14,CDLLONGLINE,-100
2004-07-14,CDLCLOSINGMARUBOZU,-100
2004-07-14,CDLIDENTICAL3CROWS,-100
2004-07-15,CDLCLOSINGMARUBOZU,-100
2004-07-15,CDLIDENTICAL3CROWS,-100
2004-07-16,CDLIDENTICAL3CROWS,-100
2004-07-16,CDLCLOSINGMARUBOZU,-100
2004-07-21,CDLHARAMI,100
2004-07-22,CDL3INSIDE,100
2004-07-23,CDLLONGLEGGEDDOJI,100
2004-07-23,CDLRICKSHAWMAN,100
2004-07-23,CDLDOJISTAR,-100
2004-07-23,CDLHIGHWAVE,100
2004-07-23,CDLDOJI,100
2004-07-23,CDLSPINNINGTOP,100
2004-07-26,CDLSHORTLINE,100
2004-07-27,CDLSPINNINGTOP,100
2004-07-27,CDLHIGHWAVE,100
2004-07-27,CDLDOJI,100
2004-07-27,CDLLONGLEGGEDDOJI,100
2004-07-27,CDLRICKSHAWMAN,100
2004-07-30,CDLSHORTLINE,-100
2004-08-02,CDLBELTHOLD,-100
2004-08-02,CDLMARUBOZU,-100
2004-08-02,CDLLONGLINE,-100
2004-08-02,CDLCLOSINGMARUBOZU,-100
2004-08-03,CDLDOJI,100
2004-08-03,CDLRICKSHAWMAN,100
2004-08-03,CDLLONGLEGGEDDOJI,100
2004-08-03,CDLSPINNINGTOP,100
2004-08-04,CDLBELTHOLD,-100
2004-08-05,CDLCLOSINGMARUBOZU,100
2004-08-05,CDLBELTHOLD,100
2004-08-05,CDLMARUBOZU,100
2004-08-05,CDLLONGLINE,100
2004-08-06,CDLSHOOTINGSTAR,-100
2004-08-10,CDLHIKKAKE,-100
2004-08-11,CDLBELTHOLD,-100
2004-08-11,CDLHIKKAKE,-200
2004-08-11,CDLMARUBOZU,-100
2004-08-11,CDLCLOSINGMARUBOZU,-100
2004-08-11,CDLLONGLINE,-100
2004-08-12,CDLHOMINGPIGEON,100
2004-08-12,CDLRICKSHAWMAN,100
2004-08-12,CDLHARAMI,100
2004-08-12,CDLSPINNINGTOP,-100
2004-08-12,CDLDOJI,100
2004-08-12,CDLLONGLEGGEDDOJI,100
2004-08-12,CDLHARAMICROSS,100
2004-08-13,CDLUNIQUE3RIVER,100
2004-08-16,CDLSHORTLINE,-100
2004-08-16,CDLENGULFING,-100
2004-08-17,CDLSHORTLINE,-100
2004-08-17,CDL3OUTSIDE,-100
2004-08-18,CDLBELTHOLD,-100
2004-08-19,CDLCLOSINGMARUBOZU,100
2004-08-23,CDLBELTHOLD,-100
2004-08-23,CDLMARUBOZU,-100
2004-08-23,CDLCLOSINGMARUBOZU,-100
2004-08-23,CDLLONGLINE,-100
2004-08-24,CDLSHORTLINE,100
2004-08-24,CDLDOJI,100
2004-08-25,CDLSHORTLINE,100
2004-08-25,CDLDOJI,100
2004-08-26,CDLBELTHOLD,100
2004-08-27,CDLCLOSINGMARUBOZU,-100
2004-08-27,CDLLONGLINE,-100
2004-08-30,CDLCLOSINGMARUBOZU,-100
2004-08-30,CDLHIKKAKE,100
2004-08-31,CDLHIGHWAVE,100
2004-08-31,CDLSPINNINGTOP,100
2004-08-31,CDLDOJI,100
2004-08-31,CDLLONGLEGGEDDOJI,100
2004-09-02,CDLMARUBOZU,-100
2004-09-02,CDLBELTHOLD,-100
2004-09-02,CDLLONGLINE,-100
2004-09-02,CDLCLOSINGMARUBOZU,-100
2004-09-03,CDLLONGLINE,-100
2004-09-03,CDLHIKKAKE,100
2004-09-03,CDLBELTHOLD,-100
2004-09-07,CDLSPINNINGTOP,100
2004-09-10,CDLSHOOTINGSTAR,-100
2004-09-13,CDLCLOSINGMARUBOZU,-100
2004-09-13,CDLLONGLINE,-100
2004-09-14,CDLSHORTLINE,-100
2004-09-15,CDLLONGLINE,100
2004-09-15,CDLMARUBOZU,100
2004-09-15,CDLCLOSINGMARUBOZU,100
2004-09-15,CDLBELTHOLD,100
2004-09-16,CDLHARAMI,-100
2004-09-16,CDLSPINNINGTOP,100
2004-09-16,CDLHIGHWAVE,100
2004-09-17,CDLMARUBOZU,-100
2004-09-17,CDL3INSIDE,-100
2004-09-17,CDLLONGLINE,-100
2004-09-17,CDLBELTHOLD,-100
2004-09-17,CDLSEPARATINGLINES,-100
2004-09-17,CDLCLOSINGMARUBOZU,-100
2004-09-20,CDLDOJISTAR,100
2004-09-20,CDLDOJI,100
2004-09-20,CDLSHORTLINE,100
2004-09-21,CDLDOJI,100
2004-09-21,CDLSHORTLINE,100
2004-09-22,CDLBELTHOLD,100
2004-09-22,CDLLONGLINE,100
2004-09-23,CDLLONGLEGGEDDOJI,100
2004-09-23,CDLRICKSHAWMAN,100
2004-09-23,CDLSPINNINGTOP,100
2004-09-23,CDLHARAMI,-100
2004-09-23,CDLDOJI,100
2004-09-23,CDLHARAMICROSS,-100
2004-09-23,CDLHIGHWAVE,100
2004-09-24,CDLHIKKAKE,-100
2004-09-24,CDLLONGLINE,100
2004-09-24,CDLCLOSINGMARUBOZU,100
2004-09-27,CDLSHORTLINE,-100
2004-09-28,CDLSHORTLINE,100
2004-09-28,CDLDOJI,100
2004-09-30,CDLCLOSINGMARUBOZU,-100
2004-09-30,CDLLONGLINE,-100
2004-09-30,CDLMARUBOZU,-100
2004-09-30,CDLBELTHOLD,-100
2004-10-05,CDLHIKKAKE,-100
2004-10-06,CDLSHOOTINGSTAR,-100
2004-10-07,CDLBELTHOLD,-100
2004-10-08,CDLSHORTLINE,-100
2004-10-11,CDLDOJI,100
2004-10-11,CDLRICKSHAWMAN,100
2004-10-11,CDLLONGLEGGEDDOJI,100
2004-10-11,CDLHIGHWAVE,100
2004-10-11,CDLSPINNINGTOP,100
2004-10-14,CDLCLOSINGMARUBOZU,100
2004-10-14,CDLLONGLINE,100
2004-10-15,CDLLONGLINE,100
2004-10-15,CDLMARUBOZU,100
2004-10-15,CDLCLOSINGMARUBOZU,100
2004-10-15,CDLBELTHOLD,100
2004-10-19,CDLHIGHWAVE,100
2004-10-19,CDLHARAMI,100
2004-10-19,CDLSPINNINGTOP,100
2004-10-21,CDLCLOSINGMARUBOZU,-100
2004-10-21,CDLLONGLINE,-100
2004-10-22,CDLLONGLINE,-100
2004-10-22,CDLBELTHOLD,-100
2004-10-25,CDLSHORTLINE,100
2004-10-25,CDLDOJI,100
2004-10-26,CDLCLOSINGMARUBOZU,-100
2004-10-26,CDLHIKKAKE,100
2004-10-27,CDLHAMMER,100
2004-10-28,CDLSHORTLINE,100
2004-10-29,CDLSHORTLINE,-100
2004-10-29,CDLSPINNINGTOP,-100
2004-11-01,CDLLONGLINE,-100
2004-11-01,CDLMARUBOZU,-100
2004-11-01,CDLHIKKAKE,100
2004-11-01,CDLCLOSINGMARUBOZU,-100
2004-11-01,CDLBELTHOLD,-100
2004-11-02,CDLCLOSINGMARUBOZU,100
2004-11-02,CDLMARUBOZU,100
2004-11-02,CDLLONGLINE,100
2004-11-02,CDLTHRUSTING,-100
2004-11-02,CDLBELTHOLD,100
2004-11-03,CDLBELTHOLD,100
2004-11-04,CDLHARAMI,-100
2004-11-04,CDLSHORTLINE,-100
2004-11-08,CDLLONGLINE,100
2004-11-08,CDLCLOSINGMARUBOZU,100
2004-11-08,CDLBELTHOLD,100
2004-11-08,CDLMARUBOZU,100
2004-11-09,CDLDOJISTAR,-100
2004-11-09,CDLHIGHWAVE,100
2004-11-09,CDLDOJI,100
2004-11-09,CDLLONGLEGGEDDOJI,100
2004-11-09,CDLSPINNINGTOP,100
2004-11-10,CDLHAMMER,100
2004-11-11,CDLSHORTLINE,-100
2004-11-12,CDLHIGHWAVE,100
2004-11-12,CDLSPINNINGTOP,100
2004-11-16,CDLHIKKAKE,-100
2004-11-18,CDLCLOSINGMARUBOZU,-100
2004-11-18,CDLBELTHOLD,-100
2004-11-18,CDLLONGLINE,-100
2004-11-18,CDLMARUBOZU,-100
2004-11-22,CDLLONGLINE,-100
2004-11-22,CDLBELTHOLD,-100
2004-11-23,CDLDOJI,100
2004-11-23,CDLHIGHWAVE,100
2004-11-23,CDLSPINNINGTOP,100
2004-11-23,CDLLONGLEGGEDDOJI,100
2004-11-24,CDLENGULFING,-100
2004-11-24,CDLBELTHOLD,-100
2004-11-25,CDL3OUTSIDE,-100
2004-11-26,CDLCLOSINGMARUBOZU,-100
2004-11-26,CDLLONGLINE,-100
2004-11-29,CDLSPINNINGTOP,100
2004-11-29,CDLHIGHWAVE,100
2004-11-29,CDLLONGLEGGEDDOJI,100
2004-11-29,CDLDOJI,100
2004-11-29,CDLDOJISTAR,100
2004-11-30,CDLMARUBOZU,100
2004-11-30,CDLBELTHOLD,100
2004-11-30,CDLLONGLINE,100
2004-11-30,CDLCLOSINGMARUBOZU,100
2004-12-02,CDLHIGHWAVE,100
2004-12-02,CDLDOJI,100
2004-12-02,CDLRICKSHAWMAN,100
2004-12-02,CDLLONGLEGGEDDOJI,100
2004-12-02,CDLSPINNINGTOP,100
2004-12-03,CDLSHORTLINE,-100
2004-12-03,CDLENGULFING,-100
2004-12-06,CDLHIGHWAVE,100
2004-12-06,CDLRICKSHAWMAN,100
2004-12-06,CDLLONGLEGGEDDOJI,100
2004-12-06,CDLDOJI,100
2004-12-06,CDLSPINNINGTOP,100
2004-12-07,CDLMARUBOZU,100
2004-12-07,CDLBELTHOLD,100
2004-12-07,CDLLONGLINE,100
2004-12-07,CDLCLOSINGMARUBOZU,100
2004-12-08,CDLCOUNTERATTACK,-100
2004-12-08,CDLCLOSINGMARUBOZU,-100
2004-12-09,CDLSPINNINGTOP,-100
2004-12-09,CDLRICKSHAWMAN,100
2004-12-09,CDLDOJI,100
2004-12-09,CDLHIGHWAVE,-100
2004-12-09,CDLMATCHINGLOW,100
2004-12-09,CDLLONGLEGGEDDOJI,100
2004-12-09,CDLSHORTLINE,-100
2004-12-10,CDLRICKSHAWMAN,100
2004-12-10,CDLSHORTLINE,-100
2004-12-10,CDLMATCHINGLOW,100
2004-12-10,CDLDOJI,100
2004-12-10,CDLLONGLEGGEDDOJI,100
2004-12-10,CDLGRAVESTONEDOJI,100
2004-12-10,CDLSPINNINGTOP,-100
2004-12-13,CDLINVERTEDHAMMER,100
2004-12-14,CDLSPINNINGTOP,100
2004-12-16,CDLCLOSINGMARUBOZU,-100
2004-12-16,CDLLONGLINE,-100
2004-12-17,CDLPIERCING,100
2004-12-17,CDLBELTHOLD,100
2004-12-20,CDLSPINNINGTOP,100
2004-12-22,CDLLONGLINE,-100
2004-12-22,CDLCLOSINGMARUBOZU,-100
2004-12-23,CDLGRAVESTONEDOJI,100
2004-12-23,CDLDOJI,100
2004-12-23,CDLLONGLEGGEDDOJI,100
2004-12-24,CDLSHORTLINE,100
2004-12-27,CDLSHORTLINE,-100
2004-12-27,CDLSPINNINGTOP,-100
2004-12-28,CDLGRAVESTONEDOJI,100
2004-12-28,CDLDOJI,100
2004-12-28,CDLINVERTEDHAMMER,100
2004-12-28,CDLLONGLEGGEDDOJI,100
2004-12-29,CDLLONGLINE,-100
2004-12-30,CDLSPINNINGTOP,100
2004-12-30,CDLDOJI,100
2004-12-30,CDLHIGHWAVE,100
2004-12-30,CDLLONGLEGGEDDOJI,100
2004-12-31,CDLTAKURI,100
2004-12-31,CDLLONGLEGGEDDOJI,100
2004-12-31,CDLDRAGONFLYDOJI,100
2004-12-31,CDLDOJI,100
2005-01-03,CDLLONGLINE,-100
2005-01-03,CDLCLOSINGMARUBOZU,-100
2005-01-04,CDLCLOSINGMARUBOZU,-100
2005-01-04,CDLLONGLINE,-100
2005-01-04,CDLMARUBOZU,-100
2005-01-04,CDLBELTHOLD,-100
2005-01-06,CDLCLOSINGMARUBOZU,-100
2005-01-10,CDLBELTHOLD,-100
2005-01-12,CDLHIKKAKE,-100
2005-01-13,CDLHIKKAKE,-200
2005-01-19,CDLHIGHWAVE,100
2005-01-19,CDLLONGLEGGEDDOJI,100
2005-01-19,CDLDOJI,100
2005-01-19,CDLSPINNINGTOP,100
2005-01-19,CDLRICKSHAWMAN,100
2005-01-20,CDLBELTHOLD,100
2005-01-21,CDLSHORTLINE,-100
2005-01-24,CDLMATCHINGLOW,100
2005-01-25,CDLRICKSHAWMAN,100
2005-01-25,CDLLONGLEGGEDDOJI,100
2005-01-25,CDLSPINNINGTOP,100
2005-01-25,CDLDOJI,100
2005-01-25,CDLHIGHWAVE,100
2005-01-26,CDLRICKSHAWMAN,100
2005-01-26,CDLLONGLEGGEDDOJI,100
2005-01-26,CDLDOJI,100
2005-01-26,CDLHIGHWAVE,100
2005-01-26,CDLSPINNINGTOP,100
2005-01-28,CDLCLOSINGMARUBOZU,100
2005-01-28,CDLLONGLINE,100
2005-01-28,CDLMARUBOZU,100
2005-01-28,CDLBELTHOLD,100
2005-01-31,CDLSHOOTINGSTAR,-100
2005-02-02,CDLMATCHINGLOW,100
2005-02-03,CDLHIKKAKE,100
2005-02-04,CDLSHORTLINE,100
2005-02-04,CDLDOJI,100
2005-02-07,CDLSHORTLINE,100
2005-02-07,CDLDOJI,100
2005-02-08,CDLSHORTLINE,100
2005-02-08,CDLDOJI,100
2005-02-09,CDLSHORTLINE,100
2005-02-09,CDLDOJI,100
2005-02-10,CDLDOJI,100
2005-02-10,CDLSHORTLINE,100
2005-02-11,CDLDOJI,100
2005-02-11,CDLSHORTLINE,100
2005-02-14,CDLHIGHWAVE,100
2005-02-14,CDLDOJI,100
2005-02-14,CDLSPINNINGTOP,100
2005-02-14,CDLLONGLEGGEDDOJI,100
2005-02-15,CDLBELTHOLD,-100
2005-02-15,CDLENGULFING,-100
2005-02-16,CDLCLOSINGMARUBOZU,100
2005-02-18,CDLENGULFING,100
2005-02-18,CDLBELTHOLD,100
2005-02-21,CDL3OUTSIDE,100
2005-02-21,CDLSHOOTINGSTAR,-100
2005-02-24,CDLCLOSINGMARUBOZU,-100
2005-02-25,CDLHOMINGPIGEON,100
2005-02-25,CDLSPINNINGTOP,-100
2005-02-25,CDLHARAMI,100
2005-02-28,CDLDOJI,100
2005-02-28,CDLSHORTLINE,100
2005-03-01,CDLLONGLINE,-100
2005-03-01,CDLENGULFING,-100
2005-03-01,CDLCLOSINGMARUBOZU,-100
2005-03-02,CDLDOJI,100
2005-03-02,CDLHARAMICROSS,100
2005-03-02,CDLLONGLEGGEDDOJI,100
2005-03-02,CDLHOMINGPIGEON,100
2005-03-02,CDLHARAMI,100
2005-03-02,CDLGRAVESTONEDOJI,100
2005-03-02,CDLMATCHINGLOW,100
2005-03-03,CDLSPINNINGTOP,-100
2005-03-07,CDLSPINNINGTOP,100
2005-03-07,CDLLONGLEGGEDDOJI,100
2005-03-07,CDLRICKSHAWMAN,100
2005-03-07,CDLHIGHWAVE,100
2005-03-07,CDLDOJI,100
2005-03-08,CDLBELTHOLD,100
2005-03-09,CDLCLOSINGMARUBOZU,100
2005-03-11,CDLLONGLINE,-100
2005-03-11,CDLBELTHOLD,-100
2005-03-11,CDLCLOSINGMARUBOZU,-100
2005-03-11,CDLMARUBOZU,-100
2005-03-14,CDLINVERTEDHAMMER,100
2005-03-16,CDLRICKSHAWMAN,100
2005-03-16,CDLMATCHINGLOW,100
2005-03-16,CDLHIGHWAVE,-100
2005-03-16,CDLDOJI,100
2005-03-16,CDLSPINNINGTOP,-100
2005-03-16,CDLLONGLEGGEDDOJI,100
2005-03-17,CDLHIKKAKE,100
2005-03-17,CDLINVERTEDHAMMER,100
2005-03-21,CDLSHOOTINGSTAR,-100
2005-03-21,CDLHIKKAKE,-100
2005-03-22,CDLLONGLINE,-100
2005-03-22,CDLCLOSINGMARUBOZU,-100
2005-03-22,CDLENGULFING,-100
2005-03-22,CDLBELTHOLD,-100
2005-03-22,CDLMARUBOZU,-100
2005-03-23,CDLTHRUSTING,-100
2005-03-25,CDLGRAVESTONEDOJI,100
2005-03-25,CDLLONGLEGGEDDOJI,100
2005-03-25,CDLDOJI,100
2005-03-28,CDLHIKKAKE,100
2005-03-28,CDLLONGLINE,-100
2005-03-28,CDLBELTHOLD,-100
2005-03-29,CDLSPINNINGTOP,-100
2005-03-29,CDLHIGHWAVE,-100
2005-03-30,CDLINVERTEDHAMMER,100
2005-03-31,CDLLONGLEGGEDDOJI,100
2005-03-31,CDLGRAVESTONEDOJI,100
2005-03-31,CDLDOJI,100
2005-04-01,CDLSTICKSANDWICH,100
2005-04-01,CDLENGULFING,-100
2005-04-01,CDLBELTHOLD,-100
2005-04-01,CDLHIKKAKE,100
2005-04-01,CDLHIKKAKEMOD,100
2005-04-04,CDLHIKKAKEMOD,200
2005-04-04,CDLLONGLINE,100
2005-04-04,CDLHIKKAKE,200
2005-04-05,CDLSHORTLINE,100
2005-04-05,CDLDOJI,100
2005-04-06,CDLCLOSINGMARUBOZU,-100
2005-04-07,CDLLONGLINE,-100
2005-04-07,CDLBELTHOLD,-100
2005-04-08,CDLHARAMI,100
2005-04-08,CDLSHORTLINE,100
2005-04-11,CDLMARUBOZU,-100
2005-04-11,CDLCLOSINGMARUBOZU,-100
2005-04-11,CDLENGULFING,-100
2005-04-11,CDLBELTHOLD,-100
2005-04-11,CDLLONGLINE,-100
2005-04-12,CDLRICKSHAWMAN,100
2005-04-12,CDLLONGLEGGEDDOJI,100
2005-04-12,CDLHARAMICROSS,100
2005-04-12,CDLHARAMI,100
2005-04-12,CDLHOMINGPIGEON,100
2005-04-12,CDLDOJI,100
2005-04-12,CDLSPINNINGTOP,-100
2005-04-13,CDLSHORTLINE,100
2005-04-13,CDLUNIQUE3RIVER,100
2005-04-14,CDLSHORTLINE,100
2005-04-18,CDLINVERTEDHAMMER,100
2005-04-21,CDLSHORTLINE,100
2005-04-22,CDLCLOSINGMARUBOZU,-100
2005-04-22,CDLLONGLINE,-100
2005-04-22,CDLBELTHOLD,-100
2005-04-22,CDLMARUBOZU,-100
2005-04-22,CDLHIKKAKE,-100
2005-04-25,CDLLONGLEGGEDDOJI,100
2005-04-25,CDLSHORTLINE,-100
2005-04-25,CDLMATCHINGLOW,100
2005-04-25,CDLDOJI,100
2005-04-25,CDLGRAVESTONEDOJI,100
2005-04-26,CDLSHORTLINE,100
2005-04-27,CDLCLOSINGMARUBOZU,-100
2005-04-27,CDLLONGLINE,-100
2005-04-27,CDLENGULFING,-100
2005-04-28,CDLSHORTLINE,-100
2005-04-28,CDL3OUTSIDE,-100
2005-05-02,CDLSHORTLINE,100
2005-05-02,CDLDOJI,100
2005-05-03,CDLCLOSINGMARUBOZU,-100
2005-05-05,CDLCLOSINGMARUBOZU,-100
2005-05-06,CDLENGULFING,100
2005-05-06,CDLBELTHOLD,100
2005-05-06,CDLLONGLINE,100
2005-05-06,CDLCLOSINGMARUBOZU,100
2005-05-06,CDLMARUBOZU,100
2005-05-09,CDL3OUTSIDE,100
2005-05-09,CDLHIGHWAVE,-100
2005-05-09,CDLSPINNINGTOP,-100
2005-05-10,CDLCLOSINGMARUBOZU,-100
2005-05-10,CDLLONGLINE,-100
2005-05-10,CDLUPSIDEGAP2CROWS,-100
2005-05-10,CDLBELTHOLD,-100
2005-05-10,CDLMARUBOZU,-100
2005-05-11,CDLSHORTLINE,-100
2005-05-11,CDLHIKKAKE,100
2005-05-12,CDLMATCHINGLOW,100
2005-05-13,CDLENGULFING,100
2005-05-13,CDLBELTHOLD,100
2005-05-17,CDLDOJI,100
2005-05-17,CDLLONGLEGGEDDOJI,100
2005-05-17,CDLGRAVESTONEDOJI,100
2005-05-17,CDLMATCHINGLOW,100
2005-05-18,CDLDOJI,100
2005-05-18,CDLHIGHWAVE,-100
2005-05-18,CDLRICKSHAWMAN,100
2005-05-18,CDLLONGLEGGEDDOJI,100
2005-05-18,CDLSPINNINGTOP,-100
2005-05-19,CDLSHOOTINGSTAR,-100
2005-05-23,CDLIDENTICAL3CROWS,-100
2005-05-26,CDLSHORTLINE,100
2005-05-27,CDLSHOOTINGSTAR,-100
2005-05-30,CDLCLOSINGMARUBOZU,100
2005-05-31,CDLCLOSINGMARUBOZU,-100
2005-05-31,CDLCOUNTERATTACK,-100
2005-05-31,CDLLONGLINE,-100
2005-05-31,CDLBELTHOLD,-100
2005-05-31,CDLMARUBOZU,-100
2005-06-02,CDLSPINNINGTOP,100
2005-06-06,CDLHIKKAKE,-100
2005-06-06,CDLHANGINGMAN,-100
2005-06-07,CDLENGULFING,-100
2005-06-07,CDLCLOSINGMARUBOZU,-100
2005-06-07,CDLLONGLINE,-100
2005-06-07,CDLBELTHOLD,-100
2005-06-07,CDLMARUBOZU,-100
2005-06-08,CDLCLOSINGMARUBOZU,100
2005-06-09,CDLDOJISTAR,-100
2005-06-09,CDLSHORTLINE,100
2005-06-09,CDLDOJI,100
2005-06-10,CDLTAKURI,100
2005-06-10,CDLHANGINGMAN,-100
2005-06-10,CDLLONGLEGGEDDOJI,100
2005-06-10,CDLDRAGONFLYDOJI,100
2005-06-10,CDLDOJI,100
2005-06-13,CDLLONGLINE,-100
2005-06-13,CDLCLOSINGMARUBOZU,-100
2005-06-13,CDLMARUBOZU,-100
2005-06-13,CDLBELTHOLD,-100
2005-06-14,CDLSPINNINGTOP,-100
2005-06-15,CDLMORNINGSTAR,100
2005-06-15,CDLCLOSINGMARUBOZU,100
2005-06-22,CDLSHORTLINE,-100
2005-06-23,CDLSHORTLINE,-100
2005-06-23,CDLHIKKAKE,100
2005-06-28,CDLSHORTLINE,-100
2005-06-29,CDLBELTHOLD,-100
2005-06-29,CDLLONGLINE,-100
2005-06-29,CDLMARUBOZU,-100
2005-06-29,CDLCLOSINGMARUBOZU,-100
2005-06-29,CDLHIKKAKE,100
2005-07-04,CDLDOJI,100
2005-07-04,CDLHIKKAKE,-100
2005-07-04,CDLSHORTLINE,100
2005-07-05,CDLBELTHOLD,-100
2005-07-05,CDLMARUBOZU,-100
2005-07-05,CDLCLOSINGMARUBOZU,-100
2005-07-05,CDLLONGLINE,-100
2005-07-06,CDLBELTHOLD,-100
2005-07-06,CDLLONGLINE,-100
2005-07-07,CDLINVERTEDHAMMER,100
2005-07-12,CDLHIKKAKE,100
2005-07-14,CDLHIKKAKE,200
2005-07-14,CDLLONGLINE,100
2005-07-14,CDLBELTHOLD,100
2005-07-15,CDLBELTHOLD,-100
2005-07-15,CDLLONGLINE,-100
2005-07-15,CDLENGULFING,-100
2005-07-18,CDLSHORTLINE,100
2005-07-18,CDLDOJI,100
2005-07-21,CDLLONGLEGGEDDOJI,100
2005-07-21,CDLGRAVESTONEDOJI,100
2005-07-21,CDLINVERTEDHAMMER,100
2005-07-21,CDLDOJI,100
2005-07-22,CDLSEPARATINGLINES,-100
2005-07-22,CDLMARUBOZU,-100
2005-07-22,CDLCLOSINGMARUBOZU,-100
2005-07-22,CDLLONGLINE,-100
2005-07-22,CDLBELTHOLD,-100
2005-07-26,CDLSHORTLINE,-100
2005-07-27,CDLHIKKAKE,100
2005-07-29,CDLLONGLINE,-100
2005-07-29,CDLBELTHOLD,-100
2005-07-29,CDLMARUBOZU,-100
2005-07-29,CDLCLOSINGMARUBOZU,-100
2005-08-02,CDLENGULFING,-100
2005-08-02,CDLBELTHOLD,-100
2005-08-03,CDLHARAMI,100
2005-08-03,CDLLONGLEGGEDDOJI,100
2005-08-03,CDLHIGHWAVE,100
2005-08-03,CDLDOJI,100
2005-08-03,CDLHARAMICROSS,100
2005-08-03,CDLRICKSHAWMAN,100
2005-08-03,CDLSPINNINGTOP,100
2005-08-04,CDLSPINNINGTOP,-100
2005-08-05,CDLDOJI,100
2005-08-05,CDLSHORTLINE,100
2005-08-08,CDLDOJI,100
2005-08-08,CDLHIGHWAVE,-100
2005-08-08,CDLLONGLEGGEDDOJI,100
2005-08-08,CDLSPINNINGTOP,-100
2005-08-09,CDLGRAVESTONEDOJI,100
2005-08-09,CDLLONGLEGGEDDOJI,100
2005-08-09,CDLDOJI,100
2005-08-10,CDLLONGLEGGEDDOJI,100
2005-08-10,CDLSHORTLINE,100
2005-08-10,CDLTAKURI,100
2005-08-10,CDLHIGHWAVE,100
2005-08-10,CDLDRAGONFLYDOJI,100
2005-08-10,CDLHANGINGMAN,-100
2005-08-10,CDLHIKKAKE,-100
2005-08-10,CDLRICKSHAWMAN,100
2005-08-10,CDLDOJI,100
2005-08-10,CDLSPINNINGTOP,100
2005-08-11,CDLBELTHOLD,100
2005-08-15,CDLCLOSINGMARUBOZU,-100
2005-08-15,CDLHIKKAKE,-200
2005-08-15,CDLMARUBOZU,-100
2005-08-15,CDLLONGLINE,-100
2005-08-15,CDLBELTHOLD,-100
2005-08-16,CDLHIGHWAVE,-100
2005-08-16,CDLDOJI,100
2005-08-16,CDLSPINNINGTOP,-100
2005-08-16,CDLRICKSHAWMAN,100
2005-08-16,CDLLONGLEGGEDDOJI,100
2005-08-17,CDLHIGHWAVE,100
2005-08-17,CDLLONGLEGGEDDOJI,100
2005-08-17,CDLRICKSHAWMAN,100
2005-08-17,CDLSPINNINGTOP,100
2005-08-17,CDLSHOOTINGSTAR,-100
2005-08-17,CDLGRAVESTONEDOJI,100
2005-08-17,CDLDOJI,100
2005-08-17,CDLSHORTLINE,100
2005-08-18,CDLLONGLINE,-100
2005-08-18,CDLENGULFING,-100
2005-08-18,CDLBELTHOLD,-100
2005-08-19,CDLLONGLINE,100
2005-08-19,CDLMARUBOZU,100
2005-08-19,CDLCLOSINGMARUBOZU,100
2005-08-19,CDLBELTHOLD,100
2005-08-22,CDLHIGHWAVE,-100
2005-08-22,CDLSPINNINGTOP,-100
2005-08-24,CDLSPINNINGTOP,-100
2005-08-24,CDLDOJI,100
2005-08-24,CDLLONGLEGGEDDOJI,100
2005-08-24,CDLRICKSHAWMAN,100
2005-08-25,CDLSHORTLINE,-100
2005-08-26,CDLBELTHOLD,100
2005-08-26,CDLMARUBOZU,100
2005-08-26,CDLLONGLINE,100
2005-08-26,CDLCLOSINGMARUBOZU,100
2005-08-31,CDLSPINNINGTOP,-100
2005-09-01,CDLSHORTLINE,100
2005-09-01,CDLDOJI,100
2005-09-05,CDLBELTHOLD,-100
2005-09-06,CDLSHORTLINE,100
2005-09-06,CDLSPINNINGTOP,100
2005-09-06,CDLHARAMI,100
2005-09-07,CDLLONGLINE,-100
2005-09-07,CDLBELTHOLD,-100
2005-09-07,CDLHIKKAKE,-100
2005-09-07,CDLCLOSINGMARUBOZU,-100
2005-09-07,CDLMARUBOZU,-100
2005-09-08,CDLLONGLINE,-100
2005-09-08,CDLHIKKAKE,-200
2005-09-12,CDLLONGLINE,-100
2005-09-12,CDLCLOSINGMARUBOZU,-100
2005-09-13,CDLHIGHWAVE,-100
2005-09-13,CDLSPINNINGTOP,-100
2005-09-13,CDLRICKSHAWMAN,100
2005-09-13,CDLLONGLEGGEDDOJI,100
2005-09-13,CDLDOJISTAR,100
2005-09-13,CDLDOJI,100
2005-09-14,CDLINVERTEDHAMMER,100
2005-09-15,CDLLONGLINE,-100
2005-09-15,CDLCLOSINGMARUBOZU,-100
2005-09-15,CDLHIKKAKE,100
2005-09-15,CDLBELTHOLD,-100
2005-09-15,CDLMARUBOZU,-100
2005-09-16,CDLCLOSINGMARUBOZU,-100
2005-09-19,CDLLONGLINE,-100
2005-09-19,CDLCLOSINGMARUBOZU,-100
2005-09-19,CDLBELTHOLD,-100
2005-09-19,CDLMARUBOZU,-100
2005-09-20,CDLSHORTLINE,100
2005-09-21,CDLCLOSINGMARUBOZU,100
2005-09-21,CDLMORNINGSTAR,100
2005-09-23,CDLBELTHOLD,-100
2005-09-23,CDLENGULFING,-100
2005-09-26,CDLHIGHWAVE,100
2005-09-26,CDLDOJI,100
2005-09-26,CDLLONGLEGGEDDOJI,100
2005-09-26,CDLSPINNINGTOP,100
2005-09-27,CDLSPINNINGTOP,100
2005-09-28,CDLSHORTLINE,100
2005-09-29,CDLHIKKAKE,100
2005-09-30,CDLHANGINGMAN,-100
2005-09-30,CDLSHORTLINE,-100
2005-10-03,CDLDOJI,100
2005-10-03,CDLRICKSHAWMAN,100
2005-10-03,CDLSPINNINGTOP,100
2005-10-03,CDLLONGLEGGEDDOJI,100
2005-10-03,CDLHIGHWAVE,100
2005-10-04,CDLSHORTLINE,100
2005-10-05,CDLSHORTLINE,100
2005-10-06,CDLLONGLINE,100
2005-10-06,CDLBELTHOLD,100
2005-10-06,CDLMARUBOZU,100
2005-10-06,CDLCLOSINGMARUBOZU,100
2005-10-07,CDLLONGLINE,-100
2005-10-07,CDLMARUBOZU,-100
2005-10-07,CDLBELTHOLD,-100
2005-10-07,CDLCLOSINGMARUBOZU,-100
2005-10-10,CDLSHORTLINE,100
2005-10-10,CDLDOJI,100
2005-10-11,CDLCLOSINGMARUBOZU,-100
2005-10-12,CDLLONGLINE,-100
2005-10-12,CDLBELTHOLD,-100
2005-10-12,CDLMARUBOZU,-100
2005-10-12,CDLCLOSINGMARUBOZU,-100
2005-10-13,CDLCLOSINGMARUBOZU,-100
2005-10-14,CDLHARAMI,100
2005-10-17,CDLHAMMER,100
2005-10-19,CDLINVERTEDHAMMER,100
2005-10-20,CDLENGULFING,-100
2005-10-21,CDL3OUTSIDE,-100
2005-10-21,CDLCLOSINGMARUBOZU,-100
2005-10-24,CDLBELTHOLD,-100
2005-10-26,CDLHAMMER,100
2005-10-26,CDLSHORTLINE,-100
2005-10-26,CDLHIKKAKE,100
2005-10-27,CDLHANGINGMAN,-100
2005-10-27,CDLLONGLEGGEDDOJI,100
2005-10-27,CDLDOJI,100
2005-10-27,CDLTAKURI,100
2005-10-27,CDLDRAGONFLYDOJI,100
2005-10-28,CDLINVERTEDHAMMER,100
2005-10-31,CDLTAKURI,100
2005-10-31,CDLDRAGONFLYDOJI,100
2005-10-31,CDLHAMMER,100
2005-10-31,CDLDOJI,100
2005-10-31,CDLLONGLEGGEDDOJI,100
2005-11-01,CDLSHORTLINE,-100
2005-11-02,CDLLONGLEGGEDDOJI,100
2005-11-02,CDLGRAVESTONEDOJI,100
2005-11-02,CDLINVERTEDHAMMER,100
2005-11-02,CDLHIKKAKE,100
2005-11-02,CDLDOJI,100
2005-11-02,CDLSHORTLINE,-100
2005-11-03,CDLENGULFING,100
2005-11-03,CDLHIKKAKE,200
2005-11-03,CDLCLOSINGMARUBOZU,100
2005-11-03,CDLLONGLINE,100
2005-11-04,CDL3OUTSIDE,100
2005-11-04,CDLBELTHOLD,-100
2005-11-07,CDLCLOSINGMARUBOZU,-100
2005-11-07,CDL2CROWS,-100
2005-11-08,CDLCLOSINGMARUBOZU,100
2005-11-08,CDLLONGLINE,100
2005-11-08,CDLMARUBOZU,100
2005-11-08,CDLBELTHOLD,100
2005-11-09,CDLHIKKAKEMOD,100
2005-11-09,CDLHIKKAKE,100
2005-11-09,CDLBELTHOLD,-100
2005-11-11,CDLSHORTLINE,-100
2005-11-11,CDLHIKKAKE,-100
2005-11-14,CDLDOJI,100
2005-11-14,CDLSHORTLINE,100
2005-11-15,CDLHIKKAKE,-100
2005-11-15,CDLDOJI,100
2005-11-15,CDLGRAVESTONEDOJI,100
2005-11-15,CDLLONGLEGGEDDOJI,100
2005-11-17,CDLHIKKAKE,-100
2005-11-17,CDLLONGLINE,100
2005-11-17,CDLCLOSINGMARUBOZU,100
2005-11-18,CDLHANGINGMAN,-100
2005-11-18,CDLTAKURI,100
2005-11-18,CDLDOJI,100
2005-11-18,CDLLONGLEGGEDDOJI,100
2005-11-18,CDLDOJISTAR,-100
2005-11-18,CDLDRAGONFLYDOJI,100
2005-11-21,CDLDRAGONFLYDOJI,100
2005-11-21,CDLDOJI,100
2005-11-21,CDLTAKURI,100
2005-11-21,CDLLONGLEGGEDDOJI,100
2005-11-21,CDLHANGINGMAN,-100
2005-11-22,CDLHANGINGMAN,-100
2005-11-23,CDLENGULFING,-100
2005-11-23,CDLBELTHOLD,-100
2005-11-25,CDLHARAMI,-100
2005-11-28,CDL3INSIDE,-100
2005-11-28,CDLBELTHOLD,-100
2005-11-29,CDLSPINNINGTOP,100
2005-11-30,CDLLONGLINE,-100
2005-11-30,CDLBELTHOLD,-100
2005-11-30,CDLMARUBOZU,-100
2005-11-30,CDLCLOSINGMARUBOZU,-100
2005-12-01,CDLMARUBOZU,-100
2005-12-01,CDLBELTHOLD,-100
2005-12-01,CDLLONGLINE,-100
2005-12-01,CDLCLOSINGMARUBOZU,-100
2005-12-02,CDLSHORTLINE,-100
2005-12-02,CDLMATCHINGLOW,100
2005-12-05,CDLLONGLINE,100
2005-12-05,CDLCLOSINGMARUBOZU,100
2005-12-05,CDLBELTHOLD,100
2005-12-05,CDLMARUBOZU,100
2005-12-06,CDLLONGLINE,-100
2005-12-06,CDLBELTHOLD,-100
2005-12-07,CDLHARAMI,100
2005-12-07,CDLHOMINGPIGEON,100
2005-12-08,CDLCLOSINGMARUBOZU,100
2005-12-08,CDLMARUBOZU,100
2005-12-08,CDLBELTHOLD,100
2005-12-08,CDLHIKKAKE,-100
2005-12-08,CDL3INSIDE,100
2005-12-08,CDLLONGLINE,100
2005-12-09,CDLSHORTLINE,100
2005-12-12,CDLCLOSINGMARUBOZU,100
2005-12-13,CDLSPINNINGTOP,100
2005-12-14,CDLMARUBOZU,-100
2005-12-14,CDLCLOSINGMARUBOZU,-100
2005-12-14,CDLLONGLINE,-100
2005-12-14,CDLENGULFING,-100
2005-12-14,CDLBELTHOLD,-100
2005-12-15,CDLTHRUSTING,-100
2005-12-20,CDLCLOSINGMARUBOZU,100
2005-12-20,CDLLONGLINE,100
2005-12-20,CDLENGULFING,100
2005-12-20,CDLBELTHOLD,100
2005-12-20,CDLMARUBOZU,100
2005-12-20,CDLHIKKAKE,-100
2005-12-21,CDL3OUTSIDE,100
2005-12-21,CDLCLOSINGMARUBOZU,100
2005-12-22,CDLBELTHOLD,-100
2005-12-22,CDLLONGLINE,-100
2005-12-22,CDLCLOSINGMARUBOZU,-100
2005-12-22,CDLMARUBOZU,-100
2005-12-27,CDLINVERTEDHAMMER,100
2005-12-28,CDLCLOSINGMARUBOZU,100
2005-12-28,CDLLONGLINE,100
2005-12-28,CDLMARUBOZU,100
2005-12-28,CDLBELTHOLD,100
2005-12-30,CDLTASUKIGAP,100
2005-12-30,CDLSHORTLINE,-100
2006-01-02,CDLBELTHOLD,100
2006-01-02,CDLLONGLINE,100
2006-01-02,CDLCLOSINGMARUBOZU,100
2006-01-02,CDLMARUBOZU,100
2006-01-03,CDLDOJI,100
2006-01-03,CDLSHOOTINGSTAR,-100
2006-01-03,CDLLONGLEGGEDDOJI,100
2006-01-03,CDLGRAVESTONEDOJI,100
2006-01-03,CDLDOJISTAR,-100
2006-01-06,CDLLONGLEGGEDDOJI,100
2006-01-06,CDLGRAVESTONEDOJI,100
2006-01-06,CDLINVERTEDHAMMER,100
2006-01-06,CDLDOJI,100
2006-01-09,CDLSHORTLINE,-100
2006-01-10,CDLHIKKAKE,-100
2006-01-11,CDLENGULFING,-100
2006-01-11,CDLBELTHOLD,-100
2006-01-12,CDLLONGLINE,100
2006-01-12,CDLBELTHOLD,100
2006-01-12,CDLCLOSINGMARUBOZU,100
2006-01-12,CDLMARUBOZU,100
2006-01-13,CDLHIKKAKE,-100
2006-01-13,CDLSPINNINGTOP,-100
2006-01-16,CDLLONGLINE,-100
2006-01-16,CDLHIKKAKE,-200
2006-01-16,CDLBELTHOLD,-100
2006-01-17,CDLINVERTEDHAMMER,100
2006-01-17,CDLGRAVESTONEDOJI,100
2006-01-17,CDLLONGLEGGEDDOJI,100
2006-01-17,CDLDOJISTAR,100
2006-01-17,CDLDOJI,100
2006-01-18,CDLINVERTEDHAMMER,100
2006-01-20,CDLSHORTLINE,-100
2006-01-23,CDLCLOSINGMARUBOZU,-100
2006-02-03,CDLCLOSINGMARUBOZU,100
2006-02-03,CDLHIKKAKE,-100
2006-02-06,CDLCLOSINGMARUBOZU,100
2006-02-08,CDLMARUBOZU,-100
2006-02-08,CDLBELTHOLD,-100
2006-02-08,CDLCLOSINGMARUBOZU,-100
2006-02-08,CDLLONGLINE,-100
2006-02-09,CDLDOJI,100
2006-02-09,CDLGRAVESTONEDOJI,100
2006-02-09,CDLHARAMICROSS,100
2006-02-09,CDLLONGLEGGEDDOJI,100
2006-02-09,CDLHARAMI,100
2006-02-10,CDLSPINNINGTOP,-100
2006-02-10,CDLHIKKAKE,100
2006-02-13,CDLBELTHOLD,-100
2006-02-13,CDLLONGLINE,-100
2006-02-13,CDLMARUBOZU,-100
2006-02-13,CDLCLOSINGMARUBOZU,-100
2006-02-14,CDLHAMMER,100
2006-02-14,CDLMATCHINGLOW,100
2006-02-15,CDLBELTHOLD,100
2006-02-17,CDLSHOOTINGSTAR,-100
2006-02-17,CDLHIKKAKE,-100
2006-02-20,CDLHIKKAKE,-200
2006-02-21,CDLCLOSINGMARUBOZU,100
2006-02-22,CDLSTICKSANDWICH,100
2006-02-22,CDLLONGLINE,-100
2006-02-23,CDLLONGLINE,-100
2006-02-23,CDLMARUBOZU,-100
2006-02-23,CDLBELTHOLD,-100
2006-02-23,CDLCLOSINGMARUBOZU,-100
2006-02-24,CDLXSIDEGAP3METHODS,-100
2006-02-27,CDLSHORTLINE,-100
2006-02-27,CDLSPINNINGTOP,-100
2006-02-27,CDLHARAMI,-100
2006-03-01,CDLDOJI,100
2006-03-01,CDLLONGLEGGEDDOJI,100
2006-03-01,CDLRICKSHAWMAN,100
2006-03-01,CDLSPINNINGTOP,100
2006-03-01,CDLHIGHWAVE,100
2006-03-02,CDLENGULFING,-100
2006-03-03,CDLLONGLINE,-100
2006-03-03,CDL3OUTSIDE,-100
2006-03-03,CDLCLOSINGMARUBOZU,-100
2006-03-06,CDLCLOSINGMARUBOZU,-100
2006-03-07,CDLCLOSINGMARUBOZU,-100
2006-03-09,CDLBELTHOLD,100
2006-03-10,CDLCLOSINGMARUBOZU,-100
2006-03-10,CDLENGULFING,-100
2006-03-10,CDLLONGLINE,-100
2006-03-10,CDLBELTHOLD,-100
2006-03-10,CDLMARUBOZU,-100
2006-03-13,CDL3OUTSIDE,-100
2006-03-13,CDLINVERTEDHAMMER,100
2006-03-16,CDLHIKKAKE,-100
2006-03-20,CDLHIGHWAVE,100
2006-03-20,CDLSPINNINGTOP,100
2006-03-20,CDLHIKKAKE,-100
2006-03-22,CDLSHORTLINE,100
2006-03-23,CDLENGULFING,-100
2006-03-23,CDLLONGLINE,-100
2006-03-23,CDLCLOSINGMARUBOZU,-100
2006-03-24,CDLHOMINGPIGEON,100
2006-03-24,CDLSHORTLINE,-100
2006-03-24,CDLHARAMI,100
2006-03-27,CDLSHORTLINE,-100
2006-03-28,CDLLONGLEGGEDDOJI,100
2006-03-28,CDLDOJI,100
2006-03-28,CDLGRAVESTONEDOJI,100
2006-03-29,CDLSHORTLINE,-100
2006-04-03,CDLLONGLEGGEDDOJI,100
2006-04-03,CDLRICKSHAWMAN,100
2006-04-03,CDLHIGHWAVE,100
2006-04-03,CDLDOJI,100
2006-04-03,CDLSPINNINGTOP,100
2006-04-04,CDLHIKKAKE,-100
2006-04-04,CDLCLOSINGMARUBOZU,100
2006-04-06,CDLSHORTLINE,100
2006-04-10,CDLBELTHOLD,-100
2006-04-10,CDLMARUBOZU,-100
2006-04-10,CDLCLOSINGMARUBOZU,-100
2006-04-10,CDLLONGLINE,-100
2006-04-11,CDLTAKURI,100
2006-04-11,CDLDOJISTAR,100
2006-04-11,CDLDRAGONFLYDOJI,100
2006-04-11,CDLLONGLEGGEDDOJI,100
2006-04-11,CDLDOJI,100
2006-04-11,CDLHAMMER,100
2006-04-12,CDLBELTHOLD,100
2006-04-13,CDLBELTHOLD,-100
2006-04-18,CDLENGULFING,-100
2006-04-19,CDL3OUTSIDE,-100
2006-04-21,CDLSHORTLINE,-100
2006-04-24,CDLHIKKAKE,100
2006-04-24,CDLSPINNINGTOP,100
2006-04-25,CDLCLOSINGMARUBOZU,-100
2006-04-26,CDLLONGLINE,100
2006-04-26,CDLCLOSINGMARUBOZU,100
2006-04-26,CDLBELTHOLD,100
2006-04-26,CDLMARUBOZU,100
2006-04-27,CDLBELTHOLD,-100
2006-04-27,CDLMARUBOZU,-100
2006-04-27,CDLLONGLINE,-100
2006-04-27,CDLCLOSINGMARUBOZU,-100
2006-04-28,CDLMATCHINGLOW,100
2006-05-02,CDLBELTHOLD,-100
2006-05-03,CDLSHORTLINE,-100
2006-05-09,CDLCLOSINGMARUBOZU,100
2006-05-10,CDLDOJISTAR,-100
2006-05-10,CDLTAKURI,100
2006-05-10,CDLHANGINGMAN,-100
2006-05-10,CDLDOJI,100
2006-05-10,CDLDRAGONFLYDOJI,100
2006-05-10,CDLLONGLEGGEDDOJI,100
2006-05-12,CDLLONGLINE,100
2006-05-12,CDLCLOSINGMARUBOZU,100
2006-05-12,CDLMARUBOZU,100
2006-05-12,CDLBELTHOLD,100
2006-05-15,CDLHIGHWAVE,-100
2006-05-15,CDLSPINNINGTOP,-100
2006-05-16,CDLBELTHOLD,-100
2006-05-16,CDLCLOSINGMARUBOZU,-100
2006-05-16,CDLMARUBOZU,-100
2006-05-16,CDLLONGLINE,-100
2006-05-17,CDLBELTHOLD,-100
2006-05-17,CDLLONGLINE,-100
2006-05-17,CDLMARUBOZU,-100
2006-05-17,CDLCLOSINGMARUBOZU,-100
2006-05-18,CDLKICKING,100
2006-05-18,CDLKICKINGBYLENGTH,100
2006-05-18,CDLMARUBOZU,100
2006-05-18,CDLCLOSINGMARUBOZU,100
2006-05-18,CDLLONGLINE,100
2006-05-18,CDLBELTHOLD,100
2006-05-19,CDLHANGINGMAN,-100
2006-05-19,CDLDOJI,100
2006-05-19,CDLLONGLEGGEDDOJI,100
2006-05-19,CDLDOJISTAR,-100
2006-05-19,CDLTAKURI,100
2006-05-19,CDLDRAGONFLYDOJI,100
2006-05-22,CDLSHORTLINE,100
2006-05-22,CDLDOJI,100
2006-05-23,CDLBELTHOLD,-100
2006-05-24,CDLCLOSINGMARUBOZU,-100
2006-05-24,CDLLONGLINE,-100
2006-05-24,CDLBELTHOLD,-100
2006-05-24,CDLMARUBOZU,-100
2006-05-25,CDLINVERTEDHAMMER,100
2006-05-26,CDLSPINNINGTOP,100
2006-05-26,CDLHIGHWAVE,100
2006-05-29,CDLCLOSINGMARUBOZU,100
2006-05-30,CDLCLOSINGMARUBOZU,100
2006-06-02,CDLHIKKAKE,100
2006-06-02,CDLSHORTLINE,-100
2006-06-05,CDLLONGLINE,-100
2006-06-05,CDLCLOSINGMARUBOZU,-100
2006-06-07,CDLSPINNINGTOP,-100
2006-06-07,CDLHIGHWAVE,-100
2006-06-08,CDLLONGLINE,-100
2006-06-08,CDLMARUBOZU,-100
2006-06-08,CDLCLOSINGMARUBOZU,-100
2006-06-08,CDLBELTHOLD,-100
2006-06-09,CDLCLOSINGMARUBOZU,100
2006-06-09,CDLLONGLINE,100
2006-06-09,CDLPIERCING,100
2006-06-09,CDLBELTHOLD,100
2006-06-09,CDLMARUBOZU,100
2006-06-13,CDLLONGLINE,100
2006-06-13,CDLMARUBOZU,100
2006-06-13,CDLBELTHOLD,100
2006-06-13,CDLCLOSINGMARUBOZU,100
2006-06-15,CDLLONGLINE,-100
2006-06-15,CDLCLOSINGMARUBOZU,-100
2006-06-16,CDLHARAMI,100
2006-06-16,CDLHOMINGPIGEON,100
2006-06-19,CDLCLOSINGMARUBOZU,-100
2006-06-19,CDLLONGLINE,-100
2006-06-20,CDLINVERTEDHAMMER,100
2006-06-22,CDLLONGLINE,100
2006-06-22,CDLMARUBOZU,100
2006-06-22,CDLBELTHOLD,100
2006-06-22,CDLCLOSINGMARUBOZU,100
2006-06-27,CDLRICKSHAWMAN,100
2006-06-27,CDLHIGHWAVE,100
2006-06-27,CDLLONGLEGGEDDOJI,100
2006-06-27,CDLHARAMI,-100
2006-06-27,CDLSPINNINGTOP,100
2006-06-27,CDLDOJI,100
2006-06-27,CDLHARAMICROSS,-100
2006-06-28,CDLSHORTLINE,-100
2006-06-28,CDLHIKKAKE,100
2006-06-29,CDLHANGINGMAN,-100
2006-06-30,CDLMARUBOZU,-100
2006-06-30,CDLLONGLINE,-100
2006-06-30,CDLBELTHOLD,-100
2006-06-30,CDLCLOSINGMARUBOZU,-100
2006-06-30,CDLENGULFING,-100
2006-07-03,CDLTAKURI,100
2006-07-03,CDL3OUTSIDE,-100
2006-07-03,CDLHAMMER,100
2006-07-03,CDLDRAGONFLYDOJI,100
2006-07-03,CDLDOJI,100
2006-07-03,CDLLONGLEGGEDDOJI,100
2006-07-04,CDLBELTHOLD,100
2006-07-04,CDLLONGLINE,100
2006-07-04,CDLENGULFING,100
2006-07-05,CDLLONGLINE,-100
2006-07-05,CDLBELTHOLD,-100
2006-07-05,CDLCLOSINGMARUBOZU,-100
2006-07-05,CDLDARKCLOUDCOVER,-100
2006-07-05,CDLMARUBOZU,-100
2006-07-06,CDLPIERCING,100
2006-07-06,CDLBELTHOLD,100
2006-07-06,CDLMARUBOZU,100
2006-07-06,CDLCLOSINGMARUBOZU,100
2006-07-06,CDLLONGLINE,100
2006-07-07,CDLDOJI,100
2006-07-07,CDLHARAMICROSS,-100
2006-07-07,CDLLONGLEGGEDDOJI,100
2006-07-07,CDLTAKURI,100
2006-07-07,CDLHARAMI,-100
2006-07-07,CDLHANGINGMAN,-100
2006-07-07,CDLDRAGONFLYDOJI,100
2006-07-10,CDLSPINNINGTOP,-100
2006-07-10,CDLRICKSHAWMAN,100
2006-07-10,CDLSHORTLINE,-100
2006-07-10,CDLHIGHWAVE,-100
2006-07-10,CDLDOJI,100
2006-07-10,CDLLONGLEGGEDDOJI,100
2006-07-11,CDLBELTHOLD,-100
2006-07-12,CDLINVERTEDHAMMER,100
2006-07-13,CDLSHORTLINE,-100
2006-07-18,CDLBELTHOLD,-100
2006-07-19,CDLHARAMI,100
2006-07-19,CDLHARAMICROSS,100
2006-07-19,CDLGRAVESTONEDOJI,100
2006-07-19,CDLLONGLEGGEDDOJI,100
2006-07-19,CDLDOJI,100
2006-07-20,CDLSHORTLINE,-100
2006-07-20,CDLHIKKAKE,-100
2006-07-21,CDLSHORTLINE,100
2006-07-24,CDLHIKKAKE,100
2006-07-24,CDLSHORTLINE,100
2006-07-25,CDLENGULFING,-100
2006-07-25,CDLSHORTLINE,-100
2006-07-26,CDLHIKKAKE,200
2006-07-26,CDLCLOSINGMARUBOZU,100
2006-07-26,CDLLONGLINE,100
2006-07-27,CDLHARAMI,-100
2006-07-28,CDLLONGLEGGEDDOJI,100
2006-07-28,CDLDOJI,100
2006-07-28,CDLGRAVESTONEDOJI,100
2006-07-28,CDLINVERTEDHAMMER,100
2006-08-01,CDLINVERTEDHAMMER,100
2006-08-02,CDLBELTHOLD,-100
2006-08-02,CDLLONGLINE,-100
2006-08-02,CDLCLOSINGMARUBOZU,-100
2006-08-02,CDLMARUBOZU,-100
2006-08-04,CDLLONGLINE,-100
2006-08-04,CDLCLOSINGMARUBOZU,-100
2006-08-07,CDLINVERTEDHAMMER,100
2006-08-09,CDLLONGLINE,100
2006-08-09,CDLCLOSINGMARUBOZU,100
2006-08-09,CDLBELTHOLD,100
2006-08-09,CDLMARUBOZU,100
2006-08-10,CDLSPINNINGTOP,-100
2006-08-11,CDLINVERTEDHAMMER,100
2006-08-15,CDLCLOSINGMARUBOZU,100
2006-08-16,CDLSPINNINGTOP,-100
2006-08-18,CDLINVERTEDHAMMER,100
2006-08-21,CDLCLOSINGMARUBOZU,-100
2006-08-22,CDLTHRUSTING,-100
2006-08-23,CDLSHORTLINE,-100
2006-08-24,CDLHIKKAKE,100
2006-08-24,CDLSHORTLINE,100
2006-08-25,CDLHAMMER,100
2006-08-28,CDLBELTHOLD,-100
2006-08-28,CDLCLOSINGMARUBOZU,-100
2006-08-28,CDLLONGLINE,-100
2006-08-28,CDLMARUBOZU,-100
2006-08-29,CDLDOJI,100
2006-08-29,CDLLONGLEGGEDDOJI,100
2006-08-29,CDLGRAVESTONEDOJI,100
2006-09-01,CDLBELTHOLD,-100
2006-09-01,CDLLONGLINE,-100
2006-09-04,CDLHARAMICROSS,100
2006-09-04,CDLDOJI,100
2006-09-04,CDLSPINNINGTOP,100
2006-09-04,CDLLONGLEGGEDDOJI,100
2006-09-04,CDLRICKSHAWMAN,100
2006-09-04,CDLHARAMI,100
2006-09-04,CDLHIGHWAVE,100
2006-09-05,CDLCLOSINGMARUBOZU,-100
2006-09-05,CDLHIKKAKE,100
2006-09-05,CDLLONGLINE,-100
2006-09-05,CDLMARUBOZU,-100
2006-09-05,CDLSEPARATINGLINES,-100
2006-09-05,CDLBELTHOLD,-100
2006-09-06,CDLINNECK,-100
2006-09-06,CDLONNECK,-100
2006-09-07,CDLBELTHOLD,100
2006-09-11,CDLMARUBOZU,100
2006-09-11,CDLBELTHOLD,100
2006-09-11,CDLLONGLINE,100
2006-09-11,CDLCLOSINGMARUBOZU,100
2006-09-11,CDLHIKKAKE,-100
2006-09-12,CDLCLOSINGMARUBOZU,-100
2006-09-12,CDLMARUBOZU,-100
2006-09-12,CDLBELTHOLD,-100
2006-09-12,CDLLONGLINE,-100
2006-09-14,CDLSPINNINGTOP,-100
2006-09-14,CDLHIKKAKE,-200
2006-09-18,CDLLONGLINE,100
2006-09-18,CDLBELTHOLD,100
2006-09-19,CDLHARAMI,-100
2006-09-19,CDLSHORTLINE,-100
2006-09-20,CDLLONGLEGGEDDOJI,100
2006-09-20,CDLGRAVESTONEDOJI,100
2006-09-20,CDLINVERTEDHAMMER,100
2006-09-20,CDLDOJI,100
2006-09-20,CDLHIKKAKE,100
2006-09-21,CDLENGULFING,-100
2006-09-21,CDLSHORTLINE,-100
2006-09-26,CDLDOJI,100
2006-09-26,CDLLONGLEGGEDDOJI,100
2006-09-26,CDLRICKSHAWMAN,100
2006-09-26,CDLSPINNINGTOP,-100
2006-09-26,CDLHIGHWAVE,-100
2006-09-27,CDLLONGLEGGEDDOJI,100
2006-09-27,CDLHIGHWAVE,-100
2006-09-27,CDLRICKSHAWMAN,100
2006-09-27,CDLSPINNINGTOP,-100
2006-09-27,CDLDOJI,100
2006-09-28,CDLLONGLINE,-100
2006-09-28,CDLBELTHOLD,-100
2006-09-28,CDLCLOSINGMARUBOZU,-100
2006-09-28,CDLMARUBOZU,-100
2006-09-29,CDLHARAMI,100
2006-09-29,CDLHOMINGPIGEON,100
2006-10-02,CDLCLOSINGMARUBOZU,-100
2006-10-02,CDLLONGLINE,-100
2006-10-03,CDLLONGLINE,-100
2006-10-03,CDLBELTHOLD,-100
2006-10-03,CDLMATCHINGLOW,100
2006-10-04,CDLLONGLEGGEDDOJI,100
2006-10-04,CDLGRAVESTONEDOJI,100
2006-10-04,CDLDOJI,100
2006-10-05,CDLSHORTLINE,-100
2006-10-09,CDLDOJI,100
2006-10-09,CDLSHORTLINE,100
2006-10-11,CDLLONGLINE,-100
2006-10-11,CDLENGULFING,-100
2006-10-12,CDLBELTHOLD,100
2006-10-13,CDLBELTHOLD,100
2006-10-16,CDLDOJI,100
2006-10-16,CDLSPINNINGTOP,100
2006-10-16,CDLLONGLEGGEDDOJI,100
2006-10-16,CDLHIGHWAVE,100
2006-10-16,CDLDOJISTAR,-100
2006-10-16,CDLRICKSHAWMAN,100
2006-10-17,CDLLONGLINE,-100
2006-10-17,CDLENGULFING,-100
2006-10-18,CDL3OUTSIDE,-100
2006-10-18,CDLCLOSINGMARUBOZU,100
2006-10-20,CDLLONGLINE,100
2006-10-23,CDLHIKKAKE,100
2006-10-23,CDLBELTHOLD,-100
2006-10-23,CDLCLOSINGMARUBOZU,-100
2006-10-23,CDLMARUBOZU,-100
2006-10-23,CDLLONGLINE,-100
2006-10-24,CDLSHORTLINE,-100
2006-10-26,CDLCLOSINGMARUBOZU,100
2006-10-26,CDLHIKKAKE,200
2006-10-26,CDLLONGLINE,100
2006-10-27,CDLBELTHOLD,-100
2006-10-30,CDLINVERTEDHAMMER,100
2006-10-31,CDLSPINNINGTOP,100
2006-11-01,CDLSHORTLINE,-100
2006-11-02,CDLBELTHOLD,100
2006-11-02,CDLENGULFING,100
2006-11-03,CDLRICKSHAWMAN,100
2006-11-03,CDLHARAMICROSS,-100
2006-11-03,CDLHARAMI,-100
2006-11-03,CDLSPINNINGTOP,100
2006-11-03,CDLDOJI,100
2006-11-03,CDLLONGLEGGEDDOJI,100
2006-11-03,CDLHIGHWAVE,100
2006-11-06,CDLHIKKAKE,100
2006-11-06,CDL3INSIDE,-100
2006-11-06,CDLSHORTLINE,-100
2006-11-07,CDLRICKSHAWMAN,100
2006-11-07,CDLDOJI,100
2006-11-07,CDLLONGLEGGEDDOJI,100
2006-11-07,CDLHIGHWAVE,-100
2006-11-07,CDLSPINNINGTOP,-100
2006-11-09,CDLSHORTLINE,-100
2006-11-10,CDLINVERTEDHAMMER,100
2006-11-10,CDLSHORTLINE,-100
2006-11-13,CDLSHORTLINE,100
2006-11-14,CDLBELTHOLD,100
2006-11-15,CDLMARUBOZU,100
2006-11-15,CDLBELTHOLD,100
2006-11-15,CDLCLOSINGMARUBOZU,100
2006-11-15,CDLLONGLINE,100
2006-11-16,CDLLONGLINE,100
2006-11-16,CDLMARUBOZU,100
2006-11-16,CDLBELTHOLD,100
2006-11-16,CDLCLOSINGMARUBOZU,100
2006-11-17,CDLSTALLEDPATTERN,-100
2006-11-17,CDLHIGHWAVE,100
2006-11-17,CDLSPINNINGTOP,100
2006-11-20,CDLHANGINGMAN,-100
2006-11-21,CDLHANGINGMAN,-100
2006-11-21,CDLDRAGONFLYDOJI,100
2006-11-21,CDLTAKURI,100
2006-11-21,CDLDOJI,100
2006-11-21,CDLLONGLEGGEDDOJI,100
2006-11-22,CDLSHOOTINGSTAR,-100
2006-11-23,CDLBELTHOLD,-100
2006-11-24,CDLSHORTLINE,100
2006-11-27,CDLHANGINGMAN,-100
2006-11-27,CDLHIKKAKE,-100
2006-11-29,CDLLONGLEGGEDDOJI,100
2006-11-29,CDLSPINNINGTOP,100
2006-11-29,CDLRICKSHAWMAN,100
2006-11-29,CDLHIGHWAVE,100
2006-11-29,CDLDOJI,100
2006-11-30,CDLCLOSINGMARUBOZU,100
2006-12-01,CDLTAKURI,100
2006-12-01,CDLDOJISTAR,-100
2006-12-01,CDLLONGLEGGEDDOJI,100
2006-12-01,CDLDOJI,100
2006-12-01,CDLHANGINGMAN,-100
2006-12-01,CDLDRAGONFLYDOJI,100
2006-12-04,CDLLONGLINE,-100
2006-12-04,CDLBELTHOLD,-100
2006-12-05,CDLBELTHOLD,-100
2006-12-06,CDLHARAMI,100
2006-12-06,CDLSPINNINGTOP,100
2006-12-07,CDLLONGLINE,-100
2006-12-07,CDLMARUBOZU,-100
2006-12-07,CDLCLOSINGMARUBOZU,-100
2006-12-07,CDLBELTHOLD,-100
2006-12-08,CDLBELTHOLD,-100
2006-12-08,CDLLONGLINE,-100
2006-12-12,CDLBELTHOLD,-100
2006-12-12,CDLMARUBOZU,-100
2006-12-12,CDLLONGLINE,-100
2006-12-12,CDLCLOSINGMARUBOZU,-100
2006-12-14,CDLSHORTLINE,100
2006-12-15,CDLSHORTLINE,-100
2006-12-15,CDLHIKKAKE,-100
2006-12-18,CDLDOJI,100
2006-12-18,CDLLONGLEGGEDDOJI,100
2006-12-18,CDLGRAVESTONEDOJI,100
2006-12-18,CDLSHORTLINE,100
2006-12-20,CDLDOJI,100
2006-12-20,CDLSPINNINGTOP,100
2006-12-20,CDLLONGLEGGEDDOJI,100
2006-12-20,CDLRICKSHAWMAN,100
2006-12-21,CDLCLOSINGMARUBOZU,100
2006-12-21,CDLLONGLINE,100
2006-12-21,CDLMARUBOZU,100
2006-12-21,CDLBELTHOLD,100
2006-12-22,CDLDOJISTAR,-100
2006-12-22,CDLDOJI,100
2006-12-22,CDLSHORTLINE,100
2006-12-25,CDLBELTHOLD,-100
2006-12-26,CDLLONGLINE,100
2006-12-26,CDLCLOSINGMARUBOZU,100
2006-12-26,CDLBELTHOLD,100
2006-12-26,CDLMARUBOZU,100
2006-12-27,CDLHANGINGMAN,-100
2006-12-28,CDLBELTHOLD,-100
2006-12-28,CDLLONGLINE,-100
2006-12-28,CDLMARUBOZU,-100
2006-12-28,CDLCLOSINGMARUBOZU,-100
2006-12-29,CDLBELTHOLD,100
2007-01-02,CDLCLOSINGMARUBOZU,-100
2007-01-04,CDLBELTHOLD,100
2007-01-04,CDLMORNINGSTAR,100
2007-01-04,CDLENGULFING,100
2007-01-04,CDLLONGLINE,100
2007-01-04,CDLCLOSINGMARUBOZU,100
2007-01-04,CDLMARUBOZU,100
2007-01-05,CDLCLOSINGMARUBOZU,-100
2007-01-08,CDLTHRUSTING,-100
2007-01-10,CDLHIKKAKE,100
2007-01-10,CDLSHORTLINE,-100
2007-01-11,CDLCLOSINGMARUBOZU,-100
2007-01-12,CDLSHORTLINE,100
2007-01-15,CDLCLOSINGMARUBOZU,-100
2007-01-16,CDLHARAMI,100
2007-01-16,CDLHOMINGPIGEON,100
2007-01-18,CDLBELTHOLD,-100
2007-01-18,CDLHIKKAKE,-100
2007-01-19,CDLHIKKAKE,-200
2007-01-23,CDLHIKKAKE,100
2007-01-24,CDLMARUBOZU,-100
2007-01-24,CDLLONGLINE,-100
2007-01-24,CDLCLOSINGMARUBOZU,-100
2007-01-24,CDLBELTHOLD,-100
2007-01-25,CDLLONGLINE,-100
2007-01-25,CDLCLOSINGMARUBOZU,-100
2007-01-26,CDLBELTHOLD,100
2007-01-26,CDLLONGLINE,100
2007-01-26,CDLENGULFING,100
2007-01-26,CDLCLOSINGMARUBOZU,100
2007-01-26,CDLMARUBOZU,100
2007-01-29,CDLLONGLINE,-100
2007-01-29,CDLBELTHOLD,-100
2007-01-29,CDLDARKCLOUDCOVER,-100
2007-01-29,CDLMARUBOZU,-100
2007-01-29,CDLCLOSINGMARUBOZU,-100
2007-01-30,CDLHOMINGPIGEON,100
2007-01-30,CDLSHORTLINE,-100
2007-01-30,CDLHARAMI,100
2007-01-31,CDLBELTHOLD,-100
2007-01-31,CDLHIKKAKE,-100
2007-02-01,CDLHIKKAKE,-200
2007-02-01,CDLSHORTLINE,-100
2007-02-02,CDLGRAVESTONEDOJI,100
2007-02-02,CDLLONGLEGGEDDOJI,100
2007-02-02,CDLDOJI,100
2007-02-05,CDLLONGLEGGEDDOJI,100
2007-02-05,CDLGRAVESTONEDOJI,100
2007-02-05,CDLDOJI,100
2007-02-06,CDLSHORTLINE,-100
2007-02-09,CDLMATCHINGLOW,100
2007-02-12,CDLHIGHWAVE,100
2007-02-12,CDLLONGLEGGEDDOJI,100
2007-02-12,CDLSPINNINGTOP,100
2007-02-12,CDLDOJI,100
2007-02-13,CDLRICKSHAWMAN,100
2007-02-13,CDLSPINNINGTOP,100
2007-02-13,CDLGAPSIDESIDEWHITE,-100
2007-02-13,CDLHIGHWAVE,100
2007-02-13,CDLDOJI,100
2007-02-13,CDLLONGLEGGEDDOJI,100
2007-02-26,CDLSHORTLINE,100
2007-02-26,CDLDOJI,100
2007-02-27,CDLBELTHOLD,-100
2007-03-01,CDLBELTHOLD,100
2007-03-02,CDLBELTHOLD,100
2007-03-06,CDLBELTHOLD,-100
2007-03-07,CDLSHORTLINE,100
2007-03-07,CDLDOJI,100
2007-03-08,CDLSHORTLINE,100
2007-03-08,CDLDOJI,100
2007-03-09,CDLDOJI,100
2007-03-09,CDLSHORTLINE,100
2007-03-12,CDLDOJI,100
2007-03-12,CDLSHORTLINE,100
2007-03-13,CDLSHORTLINE,100
2007-03-13,CDLDOJI,100
2007-03-14,CDLSHORTLINE,100
2007-03-14,CDLDOJI,100
2007-03-15,CDLSHORTLINE,100
2007-03-15,CDLDOJI,100
2007-03-16,CDLSHORTLINE,100
2007-03-16,CDLDOJI,100
2007-03-19,CDLDOJI,100
2007-03-19,CDLSHORTLINE,100
2007-03-20,CDLSHORTLINE,100
2007-03-20,CDLDOJI,100
2007-03-21,CDLDOJI,100
2007-03-22,CDLDOJI,100
2007-03-23,CDLDOJI,100
2007-03-26,CDLDOJI,100
2007-03-27,CDLDOJI,100
2007-03-29,CDLCLOSINGMARUBOZU,-100
2007-03-30,CDLDOJI,100
2007-03-30,CDLLONGLEGGEDDOJI,100
2007-03-30,CDLINVERTEDHAMMER,100
2007-03-30,CDLGRAVESTONEDOJI,100
2007-03-30,CDLDOJISTAR,100
2007-04-02,CDLGRAVESTONEDOJI,100
2007-04-02,CDLLONGLEGGEDDOJI,100
2007-04-02,CDLINVERTEDHAMMER,100
2007-04-02,CDLDOJI,100
2007-04-04,CDLCLOSINGMARUBOZU,100
2007-04-09,CDLDARKCLOUDCOVER,-100
2007-04-09,CDLBELTHOLD,-100
2007-04-10,CDLINVERTEDHAMMER,100
2007-04-10,CDLSHORTLINE,-100
2007-04-11,CDLINVERTEDHAMMER,100
2007-04-13,CDLCLOSINGMARUBOZU,-100
2007-04-13,CDLLONGLINE,-100
2007-04-16,CDLDOJI,100
2007-04-16,CDLLONGLEGGEDDOJI,100
2007-04-16,CDLHARAMI,100
2007-04-16,CDLGRAVESTONEDOJI,100
2007-04-16,CDLHARAMICROSS,100
2007-04-17,CDLHIKKAKE,100
2007-04-17,CDLENGULFING,-100
2007-04-18,CDLLONGLEGGEDDOJI,100
2007-04-18,CDL3OUTSIDE,-100
2007-04-18,CDLGRAVESTONEDOJI,100
2007-04-18,CDLINVERTEDHAMMER,100
2007-04-18,CDLDOJI,100
2007-04-19,CDLSHOOTINGSTAR,-100
2007-04-20,CDLSHORTLINE,-100
2007-04-23,CDLSHORTLINE,-100
2007-04-24,CDLDOJI,100
2007-04-24,CDLLONGLEGGEDDOJI,100
2007-04-24,CDLINVERTEDHAMMER,100
2007-04-24,CDLGRAVESTONEDOJI,100
2007-04-25,CDLCLOSINGMARUBOZU,-100
2007-04-25,CDLENGULFING,-100
2007-04-25,CDLLONGLINE,-100
2007-04-25,CDLBELTHOLD,-100
2007-04-25,CDLMARUBOZU,-100
2007-04-26,CDL3OUTSIDE,-100
2007-04-26,CDLCLOSINGMARUBOZU,-100
2007-04-26,CDLLONGLINE,-100
2007-04-27,CDLLONGLINE,-100
2007-04-27,CDLBELTHOLD,-100
2007-04-30,CDLCLOSINGMARUBOZU,-100
2007-04-30,CDLLONGLINE,-100
2007-05-02,CDLBELTHOLD,100
2007-05-02,CDLLONGLINE,100
2007-05-02,CDLMARUBOZU,100
2007-05-02,CDLCLOSINGMARUBOZU,100
2007-05-03,CDLMARUBOZU,-100
2007-05-03,CDLLONGLINE,-100
2007-05-03,CDLENGULFING,-100
2007-05-03,CDLBELTHOLD,-100
2007-05-03,CDLCLOSINGMARUBOZU,-100
2007-05-04,CDLSPINNINGTOP,100
2007-05-04,CDLHIGHWAVE,100
2007-05-04,CDL3OUTSIDE,-100
2007-05-07,CDLSPINNINGTOP,100
2007-05-07,CDLHIGHWAVE,100
2007-05-07,CDLRICKSHAWMAN,100
2007-05-07,CDLLONGLEGGEDDOJI,100
2007-05-07,CDLDOJI,100
2007-05-08,CDLHIKKAKE,-100
2007-05-09,CDLSHORTLINE,-100
2007-05-10,CDLMATCHINGLOW,100
2007-05-10,CDLSHORTLINE,-100
2007-05-11,CDLINVERTEDHAMMER,100
2007-05-14,CDLSHORTLINE,-100
2007-05-15,CDLSHORTLINE,-100
2007-05-16,CDLLONGLEGGEDDOJI,100
2007-05-16,CDLGRAVESTONEDOJI,100
2007-05-16,CDLDOJI,100
2007-05-18,CDLLONGLINE,-100
2007-05-18,CDLBELTHOLD,-100
2007-05-21,CDLBELTHOLD,100
2007-05-22,CDLCLOSINGMARUBOZU,100
2007-05-22,CDLBELTHOLD,100
2007-05-22,CDLMARUBOZU,100
2007-05-22,CDLLONGLINE,100
2007-05-23,CDLHARAMI,-100
2007-05-24,CDLHAMMER,100
2007-05-24,CDLHIKKAKE,100
2007-05-25,CDLENGULFING,100
2007-05-28,CDLLONGLINE,-100
2007-05-28,CDLMARUBOZU,-100
2007-05-28,CDLCLOSINGMARUBOZU,-100
2007-05-28,CDLBELTHOLD,-100
2007-05-29,CDLCLOSINGMARUBOZU,-100
2007-05-29,CDLMARUBOZU,-100
2007-05-29,CDLHIKKAKE,100
2007-05-29,CDLLONGLINE,-100
2007-05-29,CDLBELTHOLD,-100
2007-05-30,CDLDOJI,100
2007-05-30,CDLDOJISTAR,100
2007-05-30,CDLLONGLEGGEDDOJI,100
2007-05-30,CDLSPINNINGTOP,100
2007-05-30,CDLRICKSHAWMAN,100
2007-05-30,CDLONNECK,-100
2007-05-30,CDLHIGHWAVE,100
2007-06-04,CDLBELTHOLD,100
2007-06-06,CDLMARUBOZU,-100
2007-06-06,CDLENGULFING,-100
2007-06-06,CDLCLOSINGMARUBOZU,-100
2007-06-06,CDLLONGLINE,-100
2007-06-06,CDLBELTHOLD,-100
2007-06-07,CDLTHRUSTING,-100
2007-06-07,CDLBELTHOLD,100
2007-06-08,CDLBELTHOLD,-100
2007-06-12,CDLSPINNINGTOP,-100
2007-06-12,CDLLONGLEGGEDDOJI,100
2007-06-12,CDLRICKSHAWMAN,100
2007-06-12,CDLTAKURI,100
2007-06-12,CDLMATCHINGLOW,100
2007-06-12,CDLDRAGONFLYDOJI,100
2007-06-12,CDLDOJI,100
2007-06-13,CDLHIKKAKE,-100
2007-06-13,CDLDOJI,100
2007-06-13,CDLSPINNINGTOP,100
2007-06-13,CDLRICKSHAWMAN,100
2007-06-13,CDLLONGLEGGEDDOJI,100
2007-06-14,CDLBELTHOLD,100
2007-06-14,CDLMARUBOZU,100
2007-06-14,CDLLONGLINE,100
2007-06-14,CDLCLOSINGMARUBOZU,100
2007-06-15,CDLCLOSINGMARUBOZU,-100
2007-06-20,CDLMATCHINGLOW,100
2007-06-20,CDLLONGLEGGEDDOJI,100
2007-06-20,CDLGRAVESTONEDOJI,100
2007-06-20,CDLDOJI,100
2007-06-25,CDLCLOSINGMARUBOZU,100
2007-06-27,CDLBELTHOLD,-100
2007-06-27,CDLLONGLINE,-100
2007-06-27,CDLCLOSINGMARUBOZU,-100
2007-06-27,CDLMARUBOZU,-100
2007-06-28,CDLHARAMICROSS,100
2007-06-28,CDLSPINNINGTOP,100
2007-06-28,CDLRICKSHAWMAN,100
2007-06-28,CDLLONGLEGGEDDOJI,100
2007-06-28,CDLHARAMI,100
2007-06-28,CDLDOJI,100
2007-06-28,CDLHIGHWAVE,100
2007-06-29,CDLENGULFING,-100
2007-06-29,CDLHIKKAKE,-100
2007-06-29,CDLSHORTLINE,-100
2007-07-02,CDL3OUTSIDE,-100
2007-07-02,CDLHIKKAKE,-200
2007-07-03,CDLLONGLEGGEDDOJI,100
2007-07-03,CDLHIGHWAVE,-100
2007-07-03,CDLSPINNINGTOP,-100
2007-07-03,CDLDOJISTAR,100
2007-07-03,CDLDOJI,100
2007-07-04,CDLENGULFING,100
2007-07-05,CDLSHORTLINE,-100
2007-07-06,CDLHIKKAKE,-100
2007-07-09,CDLSHORTLINE,-100
2007-07-10,CDLCLOSINGMARUBOZU,100
2007-07-11,CDLHARAMI,-100
2007-07-12,CDLRICKSHAWMAN,100
2007-07-12,CDLHIKKAKE,-100
2007-07-12,CDLLONGLEGGEDDOJI,100
2007-07-12,CDLDOJI,100
2007-07-12,CDLSPINNINGTOP,-100
2007-07-16,CDLGRAVESTONEDOJI,100
2007-07-16,CDLLONGLEGGEDDOJI,100
2007-07-16,CDLDOJI,100
2007-07-16,CDLHIGHWAVE,100
2007-07-16,CDLSPINNINGTOP,100
2007-07-17,CDLSTICKSANDWICH,100
2007-07-17,CDLENGULFING,-100
2007-07-17,CDLSHORTLINE,-100
2007-07-18,CDLCLOSINGMARUBOZU,-100
2007-07-18,CDLLONGLINE,-100
2007-07-18,CDL3OUTSIDE,-100
2007-07-19,CDLCLOSINGMARUBOZU,100
2007-07-19,CDLMARUBOZU,100
2007-07-19,CDLLONGLINE,100
2007-07-19,CDLBELTHOLD,100
2007-07-20,CDLSPINNINGTOP,-100
2007-07-23,CDLLONGLINE,-100
2007-07-23,CDLBELTHOLD,-100
2007-07-24,CDLMATCHINGLOW,100
2007-07-26,CDLLONGLINE,-100
2007-07-26,CDLCLOSINGMARUBOZU,-100
2007-07-27,CDLINVERTEDHAMMER,100
2007-07-30,CDLBELTHOLD,100
2007-08-02,CDLCLOSINGMARUBOZU,-100
2007-08-03,CDLHARAMI,100
2007-08-06,CDLDOJI,100
2007-08-06,CDLGRAVESTONEDOJI,100
2007-08-06,CDLLONGLEGGEDDOJI,100
2007-08-07,CDLENGULFING,-100
2007-08-07,CDLSHORTLINE,-100
2007-08-08,CDLDOJI,100
2007-08-08,CDLGRAVESTONEDOJI,100
2007-08-08,CDLLONGLEGGEDDOJI,100
2007-08-09,CDLHIKKAKE,-100
2007-08-09,CDLDOJI,100
2007-08-09,CDLLONGLEGGEDDOJI,100
2007-08-09,CDLGRAVESTONEDOJI,100
2007-08-10,CDLHIKKAKE,-200
2007-08-10,CDLBELTHOLD,-100
2007-08-13,CDLSPINNINGTOP,-100
2007-08-14,CDLINVERTEDHAMMER,100
2007-08-15,CDLCLOSINGMARUBOZU,-100
2007-08-16,CDLCLOSINGMARUBOZU,-100
2007-08-17,CDLINVERTEDHAMMER,100
2007-08-20,CDLLONGLINE,100
2007-08-20,CDLCLOSINGMARUBOZU,100
2007-08-21,CDLHARAMI,-100
2007-08-21,CDLSHORTLINE,-100
2007-08-22,CDLMARUBOZU,-100
2007-08-22,CDLLONGLINE,-100
2007-08-22,CDLHIKKAKE,100
2007-08-22,CDL3INSIDE,-100
2007-08-22,CDLBELTHOLD,-100
2007-08-22,CDLCLOSINGMARUBOZU,-100
2007-08-23,CDLXSIDEGAP3METHODS,-100
2007-08-27,CDLSHORTLINE,-100
2007-08-29,CDLCLOSINGMARUBOZU,100
2007-08-30,CDLHIGHWAVE,-100
2007-08-30,CDLDOJI,100
2007-08-30,CDLSPINNINGTOP,-100
2007-08-30,CDLLONGLEGGEDDOJI,100
2007-08-30,CDLRICKSHAWMAN,100
2007-08-31,CDLRICKSHAWMAN,100
2007-08-31,CDLDOJI,100
2007-08-31,CDLSPINNINGTOP,-100
2007-08-31,CDLLONGLEGGEDDOJI,100
2007-09-04,CDLBELTHOLD,100
2007-09-05,CDLBELTHOLD,100
2007-09-05,CDLLONGLINE,100
2007-09-07,CDLBELTHOLD,-100
2007-09-07,CDLLONGLINE,-100
2007-09-10,CDLCOUNTERATTACK,100
2007-09-10,CDLHIKKAKE,100
2007-09-10,CDLMARUBOZU,100
2007-09-10,CDLBELTHOLD,100
2007-09-10,CDLCLOSINGMARUBOZU,100
2007-09-10,CDLLONGLINE,100
2007-09-11,CDLSHORTLINE,-100
2007-09-11,CDLHARAMI,-100
2007-09-12,CDLMARUBOZU,100
2007-09-12,CDLCLOSINGMARUBOZU,100
2007-09-12,CDLLONGLINE,100
2007-09-12,CDLHIKKAKE,-100
2007-09-12,CDLBELTHOLD,100
2007-09-13,CDLCLOSINGMARUBOZU,-100
2007-09-13,CDLBELTHOLD,-100
2007-09-13,CDLMARUBOZU,-100
2007-09-13,CDLLONGLINE,-100
2007-09-14,CDLSPINNINGTOP,-100
2007-09-14,CDLHARAMI,100
2007-09-14,CDLHARAMICROSS,100
2007-09-14,CDLHOMINGPIGEON,100
2007-09-14,CDLMATCHINGLOW,100
2007-09-14,CDLDOJI,100
2007-09-14,CDLLONGLEGGEDDOJI,100
2007-09-14,CDLHIGHWAVE,-100
2007-09-14,CDLRICKSHAWMAN,100
2007-09-17,CDLSPINNINGTOP,100
2007-09-17,CDLDOJI,100
2007-09-17,CDLRICKSHAWMAN,100
2007-09-17,CDLGRAVESTONEDOJI,100
2007-09-17,CDLINVERTEDHAMMER,100
2007-09-17,CDLLONGLEGGEDDOJI,100
2007-09-18,CDLSHORTLINE,100
2007-09-18,CDLDOJI,100
2007-09-18,CDLGAPSIDESIDEWHITE,-100
2007-09-18,CDLTRISTAR,100
2007-09-19,CDLENGULFING,-100
2007-09-20,CDL3OUTSIDE,-100
2007-09-21,CDLSPINNINGTOP,100
2007-09-21,CDLDOJI,100
2007-09-21,CDLHIGHWAVE,100
2007-09-21,CDLLONGLEGGEDDOJI,100
2007-09-21,CDLRICKSHAWMAN,100
2007-09-26,CDLSHOOTINGSTAR,-100
2007-09-27,CDLBELTHOLD,100
2007-09-28,CDLBELTHOLD,-100
2007-10-01,CDLSHORTLINE,-100
2007-10-02,CDLSPINNINGTOP,100
2007-10-02,CDLHIGHWAVE,100
2007-10-03,CDLBELTHOLD,100
2007-10-04,CDLLONGLINE,-100
2007-10-04,CDLBELTHOLD,-100
2007-10-04,CDLHIKKAKE,100
2007-10-11,CDLBELTHOLD,100
2007-10-12,CDLHARAMICROSS,-100
2007-10-12,CDLHARAMI,-100
2007-10-12,CDLLONGLEGGEDDOJI,100
2007-10-12,CDLDOJI,100
2007-10-12,CDLGRAVESTONEDOJI,100
2007-10-15,CDLBELTHOLD,100
2007-10-16,CDLBELTHOLD,-100
2007-10-16,CDLCLOSINGMARUBOZU,-100
2007-10-16,CDLLONGLINE,-100
2007-10-16,CDLMARUBOZU,-100
2007-10-17,CDLRICKSHAWMAN,100
2007-10-17,CDLHIKKAKE,100
2007-10-17,CDLDOJI,100
2007-10-17,CDLDRAGONFLYDOJI,100
2007-10-17,CDLSHORTLINE,100
2007-10-17,CDLHAMMER,100
2007-10-17,CDLHARAMI,100
2007-10-17,CDLSPINNINGTOP,100
2007-10-17,CDLLONGLEGGEDDOJI,100
2007-10-17,CDLHARAMICROSS,100
2007-10-17,CDLTAKURI,100
2007-10-17,CDLHIGHWAVE,100
2007-10-18,CDLLONGLINE,100
2007-10-18,CDLCLOSINGMARUBOZU,100
2007-10-19,CDLSHORTLINE,-100
2007-10-23,CDLSHOOTINGSTAR,-100
2007-10-24,CDLXSIDEGAP3METHODS,100
2007-10-25,CDLGRAVESTONEDOJI,100
2007-10-25,CDLLONGLEGGEDDOJI,100
2007-10-25,CDLDOJI,100
2007-10-26,CDLENGULFING,-100
2007-10-26,CDLBELTHOLD,-100
2007-10-26,CDLLONGLINE,-100
2007-10-29,CDLLONGLINE,100
2007-10-29,CDLBELTHOLD,100
2007-10-30,CDLHIKKAKE,100
2007-10-30,CDLBELTHOLD,-100
2007-11-01,CDLBELTHOLD,-100
2007-11-02,CDLLONGLEGGEDDOJI,100
2007-11-02,CDLSPINNINGTOP,100
2007-11-02,CDLDOJISTAR,100
2007-11-02,CDLDOJI,100
2007-11-02,CDLRICKSHAWMAN,100
2007-11-02,CDLHIGHWAVE,100
2007-11-05,CDLRICKSHAWMAN,100
2007-11-05,CDLDOJI,100
2007-11-05,CDLHIGHWAVE,100
2007-11-05,CDLSPINNINGTOP,100
2007-11-05,CDLLONGLEGGEDDOJI,100
2007-11-07,CDLDOJI,100
2007-11-07,CDLGRAVESTONEDOJI,100
2007-11-07,CDLLONGLEGGEDDOJI,100
2007-11-08,CDLLONGLINE,-100
2007-11-08,CDLCLOSINGMARUBOZU,-100
2007-11-08,CDLENGULFING,-100
2007-11-09,CDL3OUTSIDE,-100
2007-11-12,CDLCLOSINGMARUBOZU,-100
2007-11-13,CDLLONGLEGGEDDOJI,100
2007-11-13,CDLHIGHWAVE,-100
2007-11-13,CDLSPINNINGTOP,-100
2007-11-13,CDLRICKSHAWMAN,100
2007-11-13,CDLDOJI,100
2007-11-14,CDLSPINNINGTOP,100
2007-11-14,CDLLADDERBOTTOM,100
2007-11-15,CDLENGULFING,-100
2007-11-15,CDLSHORTLINE,-100
2007-11-16,CDLHIKKAKE,100
2007-11-16,CDLHAMMER,100
2007-11-16,CDL3OUTSIDE,-100
2007-11-19,CDLHANGINGMAN,-100
2007-11-20,CDLDOJI,100
2007-11-20,CDLHANGINGMAN,-100
2007-11-20,CDLHIKKAKE,200
2007-11-20,CDLTAKURI,100
2007-11-20,CDLLONGLEGGEDDOJI,100
2007-11-20,CDLDRAGONFLYDOJI,100
2007-11-21,CDLDOJI,100
2007-11-21,CDLSHORTLINE,100
2007-11-22,CDLBELTHOLD,-100
2007-11-22,CDLLONGLINE,-100
2007-11-23,CDLLONGLINE,-100
2007-11-23,CDLBELTHOLD,-100
2007-11-26,CDLMARUBOZU,-100
2007-11-26,CDLBELTHOLD,-100
2007-11-26,CDLCLOSINGMARUBOZU,-100
2007-11-26,CDLLONGLINE,-100
2007-11-27,CDLMARUBOZU,-100
2007-11-27,CDLBELTHOLD,-100
2007-11-27,CDLHIKKAKE,100
2007-11-27,CDLCLOSINGMARUBOZU,-100
2007-11-27,CDLLONGLINE,-100
2007-12-04,CDLSHORTLINE,100
2007-12-05,CDLSHORTLINE,100
2007-12-06,CDLLONGLEGGEDDOJI,100
2007-12-06,CDLSPINNINGTOP,100
2007-12-06,CDLHIGHWAVE,100
2007-12-06,CDLRICKSHAWMAN,100
2007-12-06,CDLDOJI,100
2007-12-07,CDLLONGLEGGEDDOJI,100
2007-12-07,CDLDOJI,100
2007-12-07,CDLTAKURI,100
2007-12-07,CDLDRAGONFLYDOJI,100
2007-12-10,CDLHIKKAKE,-100
2007-12-11,CDLSHOOTINGSTAR,-100
2007-12-12,CDLHAMMER,100
2007-12-13,CDLHIKKAKE,-200
2007-12-13,CDLBELTHOLD,-100
2007-12-13,CDLMARUBOZU,-100
2007-12-13,CDLCLOSINGMARUBOZU,-100
2007-12-13,CDLLONGLINE,-100
2007-12-14,CDLBELTHOLD,-100
2007-12-17,CDLCLOSINGMARUBOZU,-100
2007-12-17,CDLLONGLINE,-100
2007-12-18,CDLINVERTEDHAMMER,100
2007-12-19,CDLMORNINGSTAR,100
2007-12-20,CDLDOJI,100
2007-12-20,CDLSPINNINGTOP,100
2007-12-20,CDLHIGHWAVE,100
2007-12-20,CDLLONGLEGGEDDOJI,100
2007-12-21,CDLLONGLINE,-100
2007-12-21,CDLENGULFING,-100
2007-12-21,CDLCLOSINGMARUBOZU,-100
2007-12-24,CDLSHORTLINE,-100
2007-12-24,CDLHOMINGPIGEON,100
2007-12-24,CDLHARAMI,100
2007-12-25,CDLSHORTLINE,-100
2007-12-26,CDLSHORTLINE,100
2007-12-27,CDLLONGLINE,100
2007-12-27,CDLBELTHOLD,100
2007-12-28,CDLHARAMI,-100
2007-12-31,CDLHIKKAKE,-100
2007-12-31,CDLCLOSINGMARUBOZU,100
2007-12-31,CDLLONGLINE,100
2007-12-31,CDLBELTHOLD,100
2007-12-31,CDLMARUBOZU,100
2008-01-02,CDLHANGINGMAN,-100
2008-01-03,CDLBELTHOLD,-100
2008-01-03,CDLMARUBOZU,-100
2008-01-03,CDLLONGLINE,-100
2008-01-03,CDLCLOSINGMARUBOZU,-100
2008-01-03,CDLEVENINGSTAR,-100
2008-01-04,CDLHARAMICROSS,100
2008-01-04,CDLGRAVESTONEDOJI,100
2008-01-04,CDLDOJI,100
2008-01-04,CDLLONGLEGGEDDOJI,100
2008-01-04,CDLHARAMI,100
2008-01-07,CDLHIKKAKE,100
2008-01-07,CDLDOJI,100
2008-01-07,CDLLONGLEGGEDDOJI,100
2008-01-07,CDLGRAVESTONEDOJI,100
2008-01-07,CDLINVERTEDHAMMER,100
2008-01-08,CDLGRAVESTONEDOJI,100
2008-01-08,CDLDOJI,100
2008-01-08,CDLSHORTLINE,100
2008-01-08,CDLLONGLEGGEDDOJI,100
2008-01-08,CDLINVERTEDHAMMER,100
2008-01-09,CDLBELTHOLD,100
2008-01-09,CDLCLOSINGMARUBOZU,100
2008-01-09,CDLLONGLINE,100
2008-01-09,CDLMARUBOZU,100
2008-01-10,CDLLONGLEGGEDDOJI,100
2008-01-10,CDLRICKSHAWMAN,100
2008-01-10,CDLSPINNINGTOP,100
2008-01-10,CDLDOJI,100
2008-01-10,CDLHIGHWAVE,100
2008-01-11,CDLSHORTLINE,100
2008-01-14,CDLHANGINGMAN,-100
2008-01-15,CDLSPINNINGTOP,100
2008-01-17,CDLCLOSINGMARUBOZU,100
2008-01-18,CDLBELTHOLD,-100
2008-01-21,CDLHIKKAKE,-100
2008-01-21,CDLSPINNINGTOP,100
2008-01-22,CDLBELTHOLD,-100
2008-01-22,CDLMARUBOZU,-100
2008-01-22,CDLLONGLINE,-100
2008-01-22,CDLCLOSINGMARUBOZU,-100
2008-01-22,CDLHIKKAKE,-200
2008-01-23,CDLLONGLINE,-100
2008-01-23,CDLBELTHOLD,-100
2008-01-23,CDLMARUBOZU,-100
2008-01-23,CDLCLOSINGMARUBOZU,-100
2008-01-24,CDLBELTHOLD,-100
2008-01-25,CDLBELTHOLD,100
2008-01-25,CDLCLOSINGMARUBOZU,100
2008-01-25,CDLMARUBOZU,100
2008-01-25,CDLLONGLINE,100
2008-01-28,CDLMARUBOZU,-100
2008-01-28,CDLLONGLINE,-100
2008-01-28,CDLCLOSINGMARUBOZU,-100
2008-01-28,CDLBELTHOLD,-100
2008-01-31,CDLSHORTLINE,-100
2008-02-01,CDLSHORTLINE,100
2008-02-12,CDLINVERTEDHAMMER,100
2008-02-12,CDLHIKKAKEMOD,100
2008-02-12,CDLHIKKAKE,100
2008-02-14,CDLHIKKAKEMOD,200
2008-02-14,CDLHANGINGMAN,-100
2008-02-14,CDLHIKKAKE,200
2008-02-15,CDLSHORTLINE,-100
2008-02-18,CDLHIKKAKE,-100
2008-02-18,CDLSHORTLINE,100
2008-02-19,CDLBELTHOLD,100
2008-02-20,CDLHARAMI,-100
2008-02-21,CDLSHORTLINE,-100
2008-02-21,CDLHIKKAKE,-200
2008-02-22,CDLHIKKAKE,100
2008-02-22,CDLSHORTLINE,-100
2008-02-25,CDLDOJI,100
2008-02-25,CDLLONGLEGGEDDOJI,100
2008-02-25,CDLHIGHWAVE,100
2008-02-25,CDLRICKSHAWMAN,100
2008-02-25,CDLSPINNINGTOP,100
2008-02-26,CDLBELTHOLD,100
2008-02-26,CDLHIKKAKE,200
2008-02-26,CDLLONGLINE,100
2008-02-26,CDLMARUBOZU,100
2008-02-26,CDLCLOSINGMARUBOZU,100
2008-02-27,CDLHARAMI,-100
2008-02-27,CDLSPINNINGTOP,-100
2008-02-29,CDLHIGHWAVE,100
2008-02-29,CDLSPINNINGTOP,100
2008-03-04,CDLCLOSINGMARUBOZU,100
2008-03-04,CDLLONGLINE,100
2008-03-04,CDLHIKKAKE,-100
2008-03-05,CDLBELTHOLD,-100
2008-03-05,CDLCOUNTERATTACK,-100
2008-03-06,CDLSPINNINGTOP,-100
2008-03-06,CDLMATCHINGLOW,100
2008-03-07,CDLCLOSINGMARUBOZU,100
2008-03-10,CDLBELTHOLD,-100
2008-03-10,CDLDARKCLOUDCOVER,-100
2008-03-11,CDLSHORTLINE,100
2008-03-12,CDLBELTHOLD,-100
2008-03-13,CDLBELTHOLD,100
2008-03-13,CDLLONGLINE,100
2008-03-13,CDLCLOSINGMARUBOZU,100
2008-03-13,CDLCOUNTERATTACK,100
2008-03-13,CDLMARUBOZU,100
2008-03-13,CDLINNECK,-100
2008-03-14,CDLHARAMI,-100
2008-03-17,CDL3INSIDE,-100
2008-03-17,CDLCLOSINGMARUBOZU,-100
2008-03-18,CDLSHORTLINE,-100
2008-03-18,CDLIDENTICAL3CROWS,-100
2008-03-19,CDLLONGLEGGEDDOJI,100
2008-03-19,CDLDOJI,100
2008-03-19,CDLHIGHWAVE,100
2008-03-19,CDLSPINNINGTOP,100
2008-03-19,CDLRICKSHAWMAN,100
2008-03-20,CDLRICKSHAWMAN,100
2008-03-20,CDLSPINNINGTOP,-100
2008-03-20,CDLDOJI,100
2008-03-20,CDLLONGLEGGEDDOJI,100
2008-03-20,CDLHIGHWAVE,-100
2008-03-21,CDLSHORTLINE,100
2008-03-24,CDLCLOSINGMARUBOZU,-100
2008-03-24,CDLLONGLINE,-100
2008-03-24,CDLBELTHOLD,-100
2008-03-24,CDLMARUBOZU,-100
2008-03-26,CDLENGULFING,100
2008-03-27,CDLSHORTLINE,-100
2008-04-01,CDLHIGHWAVE,100
2008-04-01,CDLSPINNINGTOP,100
2008-04-01,CDLLONGLEGGEDDOJI,100
2008-04-01,CDLDOJI,100
2008-04-02,CDLDOJI,100
2008-04-02,CDLSPINNINGTOP,100
2008-04-02,CDLLONGLEGGEDDOJI,100
2008-04-02,CDLRICKSHAWMAN,100
2008-04-03,CDLLONGLINE,100
2008-04-07,CDLBELTHOLD,-100
2008-04-07,CDLDARKCLOUDCOVER,-100
2008-04-08,CDLHOMINGPIGEON,100
2008-04-08,CDLHARAMI,100
2008-04-09,CDLRICKSHAWMAN,100
2008-04-09,CDLHIKKAKE,100
2008-04-09,CDLSPINNINGTOP,100
2008-04-09,CDLHIGHWAVE,100
2008-04-09,CDLLONGLEGGEDDOJI,100
2008-04-09,CDLDOJI,100
2008-04-10,CDLHIKKAKE,200
2008-04-10,CDLBELTHOLD,100
2008-04-15,CDLHARAMI,100
2008-04-15,CDLLONGLEGGEDDOJI,100
2008-04-15,CDLRICKSHAWMAN,100
2008-04-15,CDLSPINNINGTOP,100
2008-04-15,CDLHARAMICROSS,100
2008-04-15,CDLHIGHWAVE,100
2008-04-15,CDLDOJI,100
2008-04-16,CDLCLOSINGMARUBOZU,100
2008-04-17,CDLLONGLINE,100
2008-04-17,CDLBELTHOLD,100
2008-04-18,CDLSPINNINGTOP,-100
2008-04-18,CDLHARAMI,-100
2008-04-21,CDLBELTHOLD,100
2008-04-22,CDLRICKSHAWMAN,100
2008-04-22,CDLDOJI,100
2008-04-22,CDLSPINNINGTOP,100
2008-04-22,CDLSHORTLINE,100
2008-04-22,CDLLONGLEGGEDDOJI,100
2008-04-22,CDLHIGHWAVE,100
2008-04-23,CDLLONGLINE,-100
2008-04-23,CDLENGULFING,-100
2008-04-24,CDLDOJI,100
2008-04-24,CDLLONGLEGGEDDOJI,100
2008-04-24,CDLGRAVESTONEDOJI,100
2008-04-25,CDLSHORTLINE,-100
2008-04-28,CDLLONGLEGGEDDOJI,100
2008-04-28,CDLSPINNINGTOP,100
2008-04-28,CDLHIGHWAVE,100
2008-04-28,CDLDOJI,100
2008-04-28,CDLRICKSHAWMAN,100
2008-04-29,CDLCLOSINGMARUBOZU,-100
2008-04-30,CDLBELTHOLD,-100
2008-04-30,CDLLONGLINE,-100
2008-04-30,CDLMATCHINGLOW,100
2008-05-02,CDLBELTHOLD,100
2008-05-05,CDLSPINNINGTOP,100
2008-05-06,CDLBELTHOLD,100
2008-05-07,CDLBELTHOLD,100
2008-05-07,CDLMARUBOZU,100
2008-05-07,CDLLONGLINE,100
2008-05-07,CDLCLOSINGMARUBOZU,100
2008-05-13,CDLBELTHOLD,-100
2008-05-13,CDLMARUBOZU,-100
2008-05-13,CDLCLOSINGMARUBOZU,-100
2008-05-13,CDLLONGLINE,-100
2008-05-14,CDLMATCHINGLOW,100
2008-05-19,CDLSPINNINGTOP,100
2008-05-21,CDLBELTHOLD,100
2008-05-21,CDLTHRUSTING,-100
2008-05-22,CDLBELTHOLD,-100
2008-05-23,CDLDOJISTAR,100
2008-05-23,CDLGRAVESTONEDOJI,100
2008-05-23,CDLDOJI,100
2008-05-23,CDLINVERTEDHAMMER,100
2008-05-23,CDLLONGLEGGEDDOJI,100
2008-05-27,CDLINVERTEDHAMMER,100
2008-05-30,CDLCLOSINGMARUBOZU,-100
2008-05-30,CDLLONGLINE,-100
2008-06-02,CDLSPINNINGTOP,-100
2008-06-04,CDLMARUBOZU,100
2008-06-04,CDLENGULFING,100
2008-06-04,CDLBELTHOLD,100
2008-06-04,CDLCLOSINGMARUBOZU,100
2008-06-04,CDLLONGLINE,100
2008-06-05,CDL3OUTSIDE,100
2008-06-05,CDLDOJI,100
2008-06-05,CDLHANGINGMAN,-100
2008-06-05,CDLTAKURI,100
2008-06-05,CDLDOJISTAR,-100
2008-06-05,CDLDRAGONFLYDOJI,100
2008-06-05,CDLLONGLEGGEDDOJI,100
2008-06-06,CDLSHORTLINE,-100
2008-06-09,CDLMARUBOZU,100
2008-06-09,CDLLONGLINE,100
2008-06-09,CDLCLOSINGMARUBOZU,100
2008-06-09,CDLBELTHOLD,100
2008-06-11,CDLINVERTEDHAMMER,100
2008-06-12,CDLCLOSINGMARUBOZU,-100
2008-06-13,CDLHARAMI,100
2008-06-16,CDLMARUBOZU,-100
2008-06-16,CDLBELTHOLD,-100
2008-06-16,CDLCLOSINGMARUBOZU,-100
2008-06-16,CDLHIKKAKE,-100
2008-06-16,CDLLONGLINE,-100
2008-06-17,CDLLONGLEGGEDDOJI,100
2008-06-17,CDLDOJI,100
2008-06-17,CDLRICKSHAWMAN,100
2008-06-17,CDLHARAMICROSS,100
2008-06-17,CDLSPINNINGTOP,100
2008-06-17,CDLHARAMI,100
2008-06-17,CDLHIGHWAVE,100
2008-06-18,CDLSHORTLINE,100
2008-06-20,CDLCLOSINGMARUBOZU,100
2008-06-24,CDLCLOSINGMARUBOZU,-100
2008-06-25,CDLHIKKAKE,100
2008-06-25,CDLHAMMER,100
2008-06-27,CDLSPINNINGTOP,100
2008-06-27,CDLHIGHWAVE,100
2008-06-27,CDLRICKSHAWMAN,100
2008-06-27,CDLLONGLEGGEDDOJI,100
2008-06-27,CDLDOJI,100
2008-06-30,CDLSPINNINGTOP,100
2008-06-30,CDLHIGHWAVE,100
2008-06-30,CDLRICKSHAWMAN,100
2008-06-30,CDLDOJI,100
2008-06-30,CDLLONGLEGGEDDOJI,100
2008-07-01,CDLSPINNINGTOP,100
2008-07-01,CDLHIGHWAVE,100
2008-07-01,CDLDOJI,100
2008-07-01,CDLRICKSHAWMAN,100
2008-07-01,CDLLONGLEGGEDDOJI,100
2008-07-02,CDLDOJI,100
2008-07-02,CDLHIGHWAVE,-100
2008-07-02,CDLSPINNINGTOP,-100
2008-07-02,CDLRICKSHAWMAN,100
2008-07-02,CDLLONGLEGGEDDOJI,100
2008-07-03,CDLCLOSINGMARUBOZU,100
2008-07-03,CDLMARUBOZU,100
2008-07-03,CDLBELTHOLD,100
2008-07-03,CDLLONGLINE,100
2008-07-04,CDLSHORTLINE,-100
2008-07-07,CDLLONGLINE,100
2008-07-07,CDLBELTHOLD,100
2008-07-09,CDLSHORTLINE,-100
2008-07-10,CDLGRAVESTONEDOJI,100
2008-07-10,CDLDOJI,100
2008-07-10,CDLSHORTLINE,100
2008-07-10,CDLLONGLEGGEDDOJI,100
2008-07-11,CDLHAMMER,100
2008-07-11,CDLHIKKAKE,100
2008-07-11,CDLHIKKAKEMOD,100
2008-07-14,CDLCLOSINGMARUBOZU,-100
2008-07-14,CDLLONGLINE,-100
2008-07-14,CDLBELTHOLD,-100
2008-07-14,CDLMARUBOZU,-100
2008-07-16,CDLBELTHOLD,-100
2008-07-16,CDLLONGLINE,-100
2008-07-16,CDLMARUBOZU,-100
2008-07-16,CDLCLOSINGMARUBOZU,-100
2008-07-17,CDLHAMMER,100
2008-07-18,CDLCLOSINGMARUBOZU,-100
2008-07-21,CDLCLOSINGMARUBOZU,-100
2008-07-22,CDLLONGLINE,100
2008-07-22,CDLBELTHOLD,100
2008-07-22,CDLPIERCING,100
2008-07-23,CDLSPINNINGTOP,100
2008-07-24,CDLSHORTLINE,100
2008-07-24,CDLADVANCEBLOCK,-100
2008-07-25,CDLLONGLINE,100
2008-07-25,CDLHIKKAKE,-100
2008-07-25,CDLBELTHOLD,100
2008-07-28,CDLDOJI,100
2008-07-28,CDLSHORTLINE,100
2008-07-29,CDLCLOSINGMARUBOZU,100
2008-07-29,CDLBELTHOLD,100
2008-07-29,CDLLONGLINE,100
2008-07-29,CDLMARUBOZU,100
2008-07-31,CDLBELTHOLD,-100
2008-07-31,CDLCLOSINGMARUBOZU,-100
2008-07-31,CDLEVENINGSTAR,-100
2008-07-31,CDLMARUBOZU,-100
2008-07-31,CDLLONGLINE,-100
2008-08-01,CDLHAMMER,100
2008-08-04,CDLLONGLINE,100
2008-08-04,CDLMARUBOZU,100
2008-08-04,CDLBELTHOLD,100
2008-08-04,CDLCLOSINGMARUBOZU,100
2008-08-05,CDLHARAMI,-100
2008-08-06,CDLENGULFING,100
2008-08-06,CDLHIKKAKE,-100
2008-08-08,CDLCLOSINGMARUBOZU,100
2008-08-08,CDLMARUBOZU,100
2008-08-08,CDLENGULFING,100
2008-08-08,CDLBELTHOLD,100
2008-08-08,CDLLONGLINE,100
2008-08-11,CDLHIGHWAVE,100
2008-08-11,CDLRICKSHAWMAN,100
2008-08-11,CDLSPINNINGTOP,100
2008-08-11,CDLHIKKAKE,-100
2008-08-11,CDLDOJI,100
2008-08-11,CDLLONGLEGGEDDOJI,100
2008-08-12,CDLINVERTEDHAMMER,100
2008-08-12,CDLHIKKAKE,-200
2008-08-13,CDLSPINNINGTOP,100
2008-08-14,CDLINVERTEDHAMMER,100
2008-08-14,CDLLONGLEGGEDDOJI,100
2008-08-14,CDLSHORTLINE,100
2008-08-14,CDLDOJI,100
2008-08-15,CDLDOJI,100
2008-08-15,CDLGAPSIDESIDEWHITE,-100
2008-08-15,CDLSHORTLINE,100
2008-08-18,CDLLONGLEGGEDDOJI,100
2008-08-18,CDLDOJI,100
2008-08-18,CDLSHORTLINE,100
2008-08-19,CDLSHORTLINE,100
2008-08-19,CDLLONGLEGGEDDOJI,100
2008-08-19,CDLDOJI,100
2008-08-20,CDLLONGLEGGEDDOJI,100
2008-08-20,CDLSHORTLINE,100
2008-08-20,CDLDOJI,100
2008-08-21,CDLDOJI,100
2008-08-21,CDLSHORTLINE,100
2008-08-21,CDLLONGLEGGEDDOJI,100
2008-08-22,CDLDOJI,100
2008-08-22,CDLSHORTLINE,100
2008-08-22,CDLLONGLEGGEDDOJI,100
2008-08-25,CDLLONGLEGGEDDOJI,100
2008-08-25,CDLGRAVESTONEDOJI,100
2008-08-25,CDLSHORTLINE,100
2008-08-25,CDLDOJI,100
2008-08-26,CDLLONGLEGGEDDOJI,100
2008-08-26,CDLGRAVESTONEDOJI,100
2008-08-26,CDLSHORTLINE,100
2008-08-26,CDLDOJI,100
2008-08-27,CDLSHORTLINE,100
2008-08-27,CDLDOJI,100
2008-08-28,CDLDOJI,100
2008-08-28,CDLGAPSIDESIDEWHITE,100
2008-08-29,CDLDOJI,100
2008-09-01,CDLGAPSIDESIDEWHITE,-100
2008-09-01,CDLDOJI,100
2008-09-02,CDLDOJI,100
2008-09-03,CDLTRISTAR,-100
2008-09-03,CDLGRAVESTONEDOJI,100
2008-09-03,CDLLONGLEGGEDDOJI,100
2008-09-03,CDLDOJI,100
2008-09-05,CDLMARUBOZU,-100
2008-09-05,CDLBELTHOLD,-100
2008-09-05,CDLCLOSINGMARUBOZU,-100
2008-09-05,CDLLONGLINE,-100
2008-09-08,CDLBELTHOLD,-100
2008-09-08,CDLHIKKAKE,-100
2008-09-09,CDLBELTHOLD,-100
2008-09-09,CDLMARUBOZU,-100
2008-09-09,CDLCLOSINGMARUBOZU,-100
2008-09-09,CDLHIKKAKE,-200
2008-09-09,CDLLONGLINE,-100
2008-09-10,CDLBELTHOLD,100
2008-09-11,CDLBELTHOLD,-100
2008-09-12,CDLLONGLEGGEDDOJI,100
2008-09-12,CDLRICKSHAWMAN,100
2008-09-12,CDLHIGHWAVE,100
2008-09-12,CDLSPINNINGTOP,100
2008-09-12,CDLDOJI,100
2008-09-15,CDLHIKKAKE,100
2008-09-15,CDLBELTHOLD,-100
2008-09-16,CDLINVERTEDHAMMER,100
2008-09-17,CDLCLOSINGMARUBOZU,-100
2008-09-17,CDLLONGLINE,-100
2008-09-17,CDLMARUBOZU,-100
2008-09-17,CDLBELTHOLD,-100
2008-09-18,CDLSHORTLINE,-100
2008-09-19,CDLCLOSINGMARUBOZU,100
2008-09-19,CDLLONGLINE,100
2008-09-19,CDLBELTHOLD,100
2008-09-19,CDLMARUBOZU,100
2008-09-22,CDLSHORTLINE,100
2008-09-23,CDLCLOSINGMARUBOZU,100
2008-09-23,CDLBELTHOLD,100
2008-09-23,CDLLONGLINE,100
2008-09-23,CDLMARUBOZU,100
2008-09-24,CDLLONGLINE,100
2008-09-24,CDLMARUBOZU,100
2008-09-24,CDLCLOSINGMARUBOZU,100
2008-09-24,CDL3WHITESOLDIERS,100
2008-09-24,CDLBELTHOLD,100
2008-09-25,CDLMARUBOZU,100
2008-09-25,CDLBELTHOLD,100
2008-09-25,CDLLONGLINE,100
2008-09-25,CDLCLOSINGMARUBOZU,100
2008-09-26,CDLSHOOTINGSTAR,-100
2008-09-26,CDLHIKKAKE,-100
2008-09-29,CDLDOJI,100
2008-09-29,CDLSHORTLINE,100
2008-09-30,CDLSHORTLINE,100
2008-09-30,CDLHIKKAKE,100
2008-09-30,CDLDOJI,100
2008-10-01,CDLDRAGONFLYDOJI,100
2008-10-01,CDLLONGLEGGEDDOJI,100
2008-10-01,CDLDOJI,100
2008-10-01,CDLHANGINGMAN,-100
2008-10-01,CDLTRISTAR,100
2008-10-01,CDLTAKURI,100
2008-10-02,CDLBELTHOLD,-100
2008-10-03,CDLBELTHOLD,100
2008-10-06,CDLBELTHOLD,100
2008-10-06,CDLHIKKAKE,-100
2008-10-07,CDLBELTHOLD,100
2008-10-07,CDLMARUBOZU,100
2008-10-07,CDLCLOSINGMARUBOZU,100
2008-10-07,CDLLONGLINE,100
2008-10-08,CDLBELTHOLD,100
2008-10-09,CDLBELTHOLD,100
2008-10-13,CDLBELTHOLD,100
2008-10-13,CDLLONGLINE,100
2008-10-13,CDLMARUBOZU,100
2008-10-13,CDLCLOSINGMARUBOZU,100
2008-10-14,CDLDOJISTAR,-100
2008-10-14,CDLDOJI,100
2008-10-14,CDLDRAGONFLYDOJI,100
2008-10-14,CDLTAKURI,100
2008-10-14,CDLSTALLEDPATTERN,-100
2008-10-14,CDLHANGINGMAN,-100
2008-10-14,CDLLONGLEGGEDDOJI,100
2008-10-15,CDLSPINNINGTOP,-100
2008-10-16,CDLDOJI,100
2008-10-16,CDLSHORTLINE,100
2008-10-17,CDLLONGLEGGEDDOJI,100
2008-10-17,CDLDRAGONFLYDOJI,100
2008-10-17,CDLHANGINGMAN,-100
2008-10-17,CDLTAKURI,100
2008-10-17,CDLDOJI,100
2008-10-21,CDLENGULFING,100
2008-10-22,CDLBELTHOLD,100
2008-10-22,CDL3OUTSIDE,100
2008-10-23,CDLHARAMI,-100
2008-10-23,CDLHARAMICROSS,-100
2008-10-23,CDLLONGLEGGEDDOJI,100
2008-10-23,CDLGRAVESTONEDOJI,100
2008-10-23,CDLSPINNINGTOP,100
2008-10-23,CDLRICKSHAWMAN,100
2008-10-23,CDLDOJI,100
2008-10-24,CDLDOJI,100
2008-10-24,CDLSPINNINGTOP,-100
2008-10-24,CDLLONGLEGGEDDOJI,100
2008-10-24,CDLHIGHWAVE,-100
2008-10-24,CDLRICKSHAWMAN,100
2008-10-27,CDLINVERTEDHAMMER,100
2008-10-28,CDLLONGLINE,100
2008-10-28,CDLCLOSINGMARUBOZU,100
2008-10-28,CDLMARUBOZU,100
2008-10-28,CDLBELTHOLD,100
2008-10-29,CDLDRAGONFLYDOJI,100
2008-10-29,CDLLONGLEGGEDDOJI,100
2008-10-29,CDLHANGINGMAN,-100
2008-10-29,CDLTAKURI,100
2008-10-29,CDLDOJI,100
2008-10-30,CDLBELTHOLD,100
2008-10-30,CDLENGULFING,100
2008-10-31,CDL3OUTSIDE,100
2008-11-03,CDLHIKKAKE,-100
2008-11-03,CDLHIGHWAVE,-100
2008-11-03,CDLSPINNINGTOP,-100
2008-11-04,CDLSHORTLINE,100
2008-11-05,CDLLONGLEGGEDDOJI,100
2008-11-05,CDLHIGHWAVE,-100
2008-11-05,CDLDOJI,100
2008-11-05,CDLRICKSHAWMAN,100
2008-11-05,CDLSPINNINGTOP,-100
2008-11-06,CDLLONGLEGGEDDOJI,100
2008-11-06,CDLDOJI,100
2008-11-06,CDLDRAGONFLYDOJI,100
2008-11-06,CDLTAKURI,100
2008-11-07,CDLBELTHOLD,100
2008-11-11,CDLSHORTLINE,-100
2008-11-12,CDLCLOSINGMARUBOZU,100
2008-11-13,CDLCLOSINGMARUBOZU,100
2008-11-14,CDLBELTHOLD,-100
2008-11-14,CDLLONGLINE,-100
2008-11-17,CDLLONGLINE,100
2008-11-17,CDLONNECK,-100
2008-11-17,CDLCLOSINGMARUBOZU,100
2008-11-18,CDLHANGINGMAN,-100
2008-11-19,CDLDOJI,100
2008-11-19,CDLINVERTEDHAMMER,100
2008-11-19,CDLLONGLEGGEDDOJI,100
2008-11-19,CDLSHORTLINE,-100
2008-11-20,CDLSHORTLINE,100
2008-11-20,CDLDOJI,100
2008-11-20,CDLHIKKAKE,100
2008-11-20,CDLGRAVESTONEDOJI,100
2008-11-20,CDLINVERTEDHAMMER,100
2008-11-20,CDLLONGLEGGEDDOJI,100
2008-11-21,CDLCLOSINGMARUBOZU,100
2008-11-24,CDLMARUBOZU,-100
2008-11-24,CDLCLOSINGMARUBOZU,-100
2008-11-24,CDLLONGLINE,-100
2008-11-24,CDLBELTHOLD,-100
2008-11-25,CDLHARAMI,100
2008-11-25,CDLHOMINGPIGEON,100
2008-11-26,CDLUNIQUE3RIVER,100
2008-11-27,CDLCLOSINGMARUBOZU,100
2008-11-27,CDLBELTHOLD,100
2008-11-27,CDLLONGLINE,100
2008-11-27,CDLMARUBOZU,100
2008-11-28,CDLBELTHOLD,100
2008-12-01,CDLSPINNINGTOP,100
2008-12-01,CDLRICKSHAWMAN,100
2008-12-01,CDLDOJI,100
2008-12-01,CDLLONGLEGGEDDOJI,100
2008-12-01,CDLHIGHWAVE,100
2008-12-03,CDLHANGINGMAN,-100
2008-12-04,CDLSHORTLINE,100
2008-12-08,CDLBELTHOLD,100
2008-12-08,CDLLONGLINE,100
2008-12-08,CDLCLOSINGMARUBOZU,100
2008-12-08,CDLMARUBOZU,100
2008-12-09,CDLBELTHOLD,100
2008-12-10,CDLADVANCEBLOCK,-100
2008-12-11,CDLCLOSINGMARUBOZU,100
2008-12-11,CDLBELTHOLD,100
2008-12-11,CDLLONGLINE,100
2008-12-11,CDLMARUBOZU,100
2008-12-12,CDLMARUBOZU,100
2008-12-12,CDLCLOSINGMARUBOZU,100
2008-12-12,CDLBELTHOLD,100
2008-12-12,CDLLONGLINE,100
2008-12-15,CDLTAKURI,100
2008-12-15,CDLSTALLEDPATTERN,-100
2008-12-15,CDLDRAGONFLYDOJI,100
2008-12-15,CDLDOJI,100
2008-12-15,CDLHANGINGMAN,-100
2008-12-15,CDLDOJISTAR,-100
2008-12-15,CDLLONGLEGGEDDOJI,100
2008-12-17,CDLCLOSINGMARUBOZU,-100
2008-12-19,CDLSHORTLINE,100
2008-12-19,CDLDOJI,100
2008-12-23,CDLCLOSINGMARUBOZU,-100
2008-12-24,CDLCLOSINGMARUBOZU,100
2008-12-24,CDLTASUKIGAP,-100
2008-12-24,CDLMARUBOZU,100
2008-12-24,CDLLONGLINE,100
2008-12-24,CDLBELTHOLD,100
2008-12-25,CDLHIKKAKE,-100
2008-12-26,CDLRICKSHAWMAN,100
2008-12-26,CDLHIGHWAVE,100
2008-12-26,CDLDOJI,100
2008-12-26,CDLSPINNINGTOP,100
2008-12-26,CDLLONGLEGGEDDOJI,100
2008-12-29,CDLENGULFING,-100
2008-12-29,CDLSHORTLINE,-100
2008-12-30,CDLGRAVESTONEDOJI,100
2008-12-30,CDLDOJI,100
2008-12-30,CDLLONGLEGGEDDOJI,100
2008-12-31,CDLHAMMER,100
2009-01-02,CDLDOJI,100
2009-01-02,CDLSHORTLINE,100
2009-01-05,CDLHAMMER,100
2009-01-05,CDLHANGINGMAN,-100
2009-01-06,CDLSHORTLINE,100
2009-01-07,CDLDOJI,100
2009-01-07,CDLSHORTLINE,100
2009-01-08,CDLBELTHOLD,100
2009-01-09,CDLBELTHOLD,100
2009-01-12,CDLRICKSHAWMAN,100
2009-01-12,CDLHIGHWAVE,100
2009-01-12,CDLSPINNINGTOP,100
2009-01-12,CDLDOJI,100
2009-01-12,CDLLONGLEGGEDDOJI,100
2009-01-13,CDLBELTHOLD,100
2009-01-13,CDLHIKKAKE,-100
2009-01-14,CDLHARAMI,-100
2009-01-15,CDLBELTHOLD,100
2009-01-19,CDLLONGLEGGEDDOJI,100
2009-01-19,CDLHIKKAKE,100
2009-01-19,CDLINVERTEDHAMMER,100
2009-01-19,CDLGRAVESTONEDOJI,100
2009-01-19,CDLDOJI,100
2009-01-20,CDLDOJI,100
2009-01-20,CDLSHORTLINE,100
2009-01-21,CDLLONGLEGGEDDOJI,100
2009-01-21,CDLDOJI,100
2009-01-21,CDLRICKSHAWMAN,100
2009-01-21,CDLHIGHWAVE,100
2009-01-21,CDLGAPSIDESIDEWHITE,-100
2009-01-21,CDLSPINNINGTOP,100
2009-02-02,CDLLONGLINE,-100
2009-02-02,CDLBELTHOLD,-100
2009-02-02,CDLMARUBOZU,-100
2009-02-02,CDLCLOSINGMARUBOZU,-100
2009-02-03,CDLHIKKAKE,-100
2009-02-04,CDLLONGLEGGEDDOJI,100
2009-02-04,CDLTAKURI,100
2009-02-04,CDLDOJI,100
2009-02-04,CDLDRAGONFLYDOJI,100
2009-02-04,CDLHANGINGMAN,-100
2009-02-04,CDLDOJISTAR,-100
2009-02-05,CDLHAMMER,100
2009-02-05,CDLTAKURI,100
2009-02-05,CDLLONGLEGGEDDOJI,100
2009-02-05,CDLDRAGONFLYDOJI,100
2009-02-05,CDLDOJI,100
2009-02-06,CDLCLOSINGMARUBOZU,-100
2009-02-09,CDLMATCHINGLOW,100
2009-02-10,CDLGRAVESTONEDOJI,100
2009-02-10,CDLLONGLEGGEDDOJI,100
2009-02-10,CDLDOJI,100
2009-02-11,CDLHIKKAKE,100
2009-02-11,CDLBELTHOLD,-100
2009-02-12,CDLBELTHOLD,100
2009-02-12,CDLLONGLINE,100
2009-02-12,CDLCOUNTERATTACK,100
2009-02-12,CDLCLOSINGMARUBOZU,100
2009-02-12,CDLMARUBOZU,100
2009-02-13,CDLSHORTLINE,-100
2009-02-16,CDLDOJI,100
2009-02-16,CDLSHORTLINE,100
2009-02-17,CDLDOJI,100
2009-02-17,CDLSHORTLINE,100
2009-02-18,CDLDRAGONFLYDOJI,100
2009-02-18,CDLTAKURI,100
2009-02-18,CDLDOJI,100
2009-02-18,CDLLONGLEGGEDDOJI,100
2009-02-18,CDLHANGINGMAN,-100
2009-02-18,CDLHAMMER,100
2009-02-19,CDLENGULFING,-100
2009-02-19,CDLLONGLINE,-100
2009-02-19,CDLBELTHOLD,-100
2009-02-20,CDLSHORTLINE,-100
2009-02-20,CDL3OUTSIDE,-100
2009-02-23,CDLBELTHOLD,-100
2009-02-23,CDLMARUBOZU,-100
2009-02-23,CDLLONGLINE,-100
2009-02-23,CDLCLOSINGMARUBOZU,-100
2009-02-24,CDLSPINNINGTOP,-100
2009-02-24,CDLHIGHWAVE,-100
2009-02-25,CDLBELTHOLD,-100
2009-02-26,CDLHAMMER,100
2009-03-03,CDLCLOSINGMARUBOZU,100
2009-03-03,CDLLONGLINE,100
2009-03-03,CDLBELTHOLD,100
2009-03-03,CDLMARUBOZU,100
2009-03-04,CDLSHORTLINE,100
2009-03-04,CDLHIKKAKE,-100
2009-03-05,CDLHIGHWAVE,100
2009-03-05,CDLADVANCEBLOCK,-100
2009-03-05,CDLLONGLEGGEDDOJI,100
2009-03-05,CDLSPINNINGTOP,100
2009-03-05,CDLRICKSHAWMAN,100
2009-03-05,CDLDOJI,100
2009-03-06,CDLHIGHWAVE,100
2009-03-06,CDLSPINNINGTOP,100
2009-03-06,CDLGAPSIDESIDEWHITE,100
2009-03-09,CDLSHORTLINE,100
2009-03-10,CDLTAKURI,100
2009-03-10,CDLSPINNINGTOP,100
2009-03-10,CDLDOJI,100
2009-03-10,CDLRICKSHAWMAN,100
2009-03-10,CDLHIGHWAVE,100
2009-03-10,CDLDRAGONFLYDOJI,100
2009-03-10,CDLSHORTLINE,100
2009-03-10,CDLLONGLEGGEDDOJI,100
2009-03-11,CDLDOJI,100
2009-03-11,CDLLONGLEGGEDDOJI,100
2009-03-11,CDLHANGINGMAN,-100
2009-03-11,CDLTAKURI,100
2009-03-11,CDLSHORTLINE,100
2009-03-11,CDLDRAGONFLYDOJI,100
2009-03-11,CDLHIKKAKE,-100
2009-03-12,CDLCLOSINGMARUBOZU,100
2009-03-12,CDLMARUBOZU,100
2009-03-12,CDLBELTHOLD,100
2009-03-12,CDLLONGLINE,100
2009-03-13,CDLHANGINGMAN,-100
2009-03-16,CDLHANGINGMAN,-100
2009-03-17,CDLBELTHOLD,-100
2009-03-18,CDLCLOSINGMARUBOZU,100
2009-03-18,CDLMARUBOZU,100
2009-03-18,CDLBELTHOLD,100
2009-03-18,CDLLONGLINE,100
2009-03-19,CDLSPINNINGTOP,-100
2009-03-19,CDLHIGHWAVE,-100
2009-03-20,CDLSPINNINGTOP,100
2009-03-20,CDLHIGHWAVE,100
2009-03-23,CDLRICKSHAWMAN,100
2009-03-23,CDLHIGHWAVE,100
2009-03-23,CDLSPINNINGTOP,100
2009-03-23,CDLDOJI,100
2009-03-23,CDLLONGLEGGEDDOJI,100
2009-03-24,CDLCLOSINGMARUBOZU,100
2009-03-26,CDLLONGLINE,100
2009-03-26,CDLBELTHOLD,100
2009-03-27,CDLBELTHOLD,-100
2009-03-30,CDLDRAGONFLYDOJI,100
2009-03-30,CDLDOJI,100
2009-03-30,CDLDOJISTAR,100
2009-03-30,CDLTAKURI,100
2009-03-30,CDLLONGLEGGEDDOJI,100
2009-04-02,CDLLONGLINE,100
2009-04-02,CDLCLOSINGMARUBOZU,100
2009-04-03,CDLBELTHOLD,100
2009-04-06,CDLBELTHOLD,100
2009-04-07,CDLBELTHOLD,-100
2009-04-08,CDLBELTHOLD,-100
2009-04-08,CDLHIKKAKE,100
2009-04-09,CDLLONGLINE,100
2009-04-09,CDLMARUBOZU,100
2009-04-09,CDLCLOSINGMARUBOZU,100
2009-04-09,CDLBELTHOLD,100
2009-04-10,CDLBELTHOLD,100
2009-04-10,CDLHIKKAKE,-100
2009-04-10,CDLLONGLINE,100
2009-04-13,CDLSHORTLINE,100
2009-04-13,CDLDOJISTAR,-100
2009-04-13,CDLDOJI,100
2009-04-14,CDLSHORTLINE,100
2009-04-14,CDLDOJI,100
2009-04-15,CDLSHORTLINE,100
2009-04-15,CDLDOJI,100
2009-04-16,CDLDRAGONFLYDOJI,100
2009-04-16,CDLTAKURI,100
2009-04-16,CDLLONGLEGGEDDOJI,100
2009-04-16,CDLDOJI,100
2009-04-16,CDLHANGINGMAN,-100
2009-04-17,CDLCLOSINGMARUBOZU,-100
2009-04-17,CDLENGULFING,-100
2009-04-20,CDLTHRUSTING,-100
2009-04-21,CDLCLOSINGMARUBOZU,100
2009-04-22,CDLSPINNINGTOP,-100
2009-04-22,CDLHARAMICROSS,-100
2009-04-22,CDLRICKSHAWMAN,100
2009-04-22,CDLDOJI,100
2009-04-22,CDLLONGLEGGEDDOJI,100
2009-04-22,CDLHARAMI,-100
2009-04-22,CDLHIGHWAVE,-100
2009-04-23,CDLBELTHOLD,-100
2009-04-28,CDLBELTHOLD,-100
2009-04-28,CDLLONGLINE,-100
2009-04-28,CDLCLOSINGMARUBOZU,-100
2009-04-28,CDLMARUBOZU,-100
2009-04-29,CDLBELTHOLD,-100
2009-04-29,CDLLONGLINE,-100
2009-04-30,CDLHARAMI,100
2009-05-04,CDLHIKKAKE,-100
2009-05-04,CDLSPINNINGTOP,-100
2009-05-05,CDLHIGHWAVE,100
2009-05-05,CDLRICKSHAWMAN,100
2009-05-05,CDLSPINNINGTOP,100
2009-05-05,CDLDOJI,100
2009-05-05,CDLLONGLEGGEDDOJI,100
2009-05-06,CDLHIKKAKE,-100
2009-05-08,CDLCLOSINGMARUBOZU,100
2009-05-11,CDLHARAMI,-100
2009-05-12,CDLINVERTEDHAMMER,100
2009-05-12,CDLGRAVESTONEDOJI,100
2009-05-12,CDLLONGLEGGEDDOJI,100
2009-05-12,CDLDOJI,100
2009-05-13,CDLDOJI,100
2009-05-13,CDLGAPSIDESIDEWHITE,-100
2009-05-13,CDLHIGHWAVE,100
2009-05-13,CDLRICKSHAWMAN,100
2009-05-13,CDLSPINNINGTOP,100
2009-05-13,CDLLONGLEGGEDDOJI,100
2009-05-14,CDLRICKSHAWMAN,100
2009-05-14,CDLSPINNINGTOP,100
2009-05-14,CDLDOJI,100
2009-05-14,CDLLONGLEGGEDDOJI,100
2009-05-14,CDLHIGHWAVE,100
2009-05-15,CDLSHORTLINE,-100
2009-05-19,CDLBELTHOLD,100
2009-05-19,CDLLONGLINE,100
2009-05-19,CDLMARUBOZU,100
2009-05-19,CDLCLOSINGMARUBOZU,100
2009-05-20,CDLHIKKAKE,-100
2009-05-20,CDLLONGLINE,-100
2009-05-20,CDLBELTHOLD,-100
2009-05-21,CDLDOJISTAR,100
2009-05-21,CDLSPINNINGTOP,-100
2009-05-21,CDLSHORTLINE,-100
2009-05-21,CDLHIGHWAVE,-100
2009-05-21,CDLRICKSHAWMAN,100
2009-05-21,CDLLONGLEGGEDDOJI,100
2009-05-21,CDLDOJI,100
2009-05-22,CDLHIGHWAVE,100
2009-05-22,CDLLONGLEGGEDDOJI,100
2009-05-22,CDLDOJI,100
2009-05-22,CDLSPINNINGTOP,100
2009-05-22,CDLSHORTLINE,100
2009-05-22,CDLRICKSHAWMAN,100
2009-05-25,CDLHIGHWAVE,100
2009-05-25,CDLGRAVESTONEDOJI,100
2009-05-25,CDLSHORTLINE,100
2009-05-25,CDLLONGLEGGEDDOJI,100
2009-05-25,CDLRICKSHAWMAN,100
2009-05-25,CDLDOJI,100
2009-05-25,CDLSHOOTINGSTAR,-100
2009-05-25,CDLSPINNINGTOP,100
2009-05-26,CDLLONGLINE,-100
2009-05-26,CDLCLOSINGMARUBOZU,-100
2009-05-27,CDLINNECK,-100
2009-05-27,CDLONNECK,-100
2009-06-01,CDLSHORTLINE,-100
2009-06-02,CDLSHORTLINE,100
2009-06-02,CDLHIKKAKE,100
2009-06-03,CDLSHORTLINE,100
2009-06-04,CDLBELTHOLD,-100
2009-06-04,CDLENGULFING,-100
2009-06-05,CDLRICKSHAWMAN,100
2009-06-05,CDLLONGLEGGEDDOJI,100
2009-06-05,CDLDOJI,100
2009-06-05,CDLHIGHWAVE,100
2009-06-05,CDLSPINNINGTOP,100
2009-06-05,CDL3OUTSIDE,-100
2009-06-05,CDLDOJISTAR,100
2009-06-09,CDLBELTHOLD,-100
2009-06-09,CDLLONGLINE,-100
2009-06-09,CDLENGULFING,-100
2009-06-10,CDLHIGHWAVE,100
2009-06-10,CDLSPINNINGTOP,100
2009-06-10,CDLLONGLEGGEDDOJI,100
2009-06-10,CDLHARAMI,100
2009-06-10,CDLRICKSHAWMAN,100
2009-06-10,CDLHARAMICROSS,100
2009-06-10,CDLDOJI,100
2009-06-11,CDLLONGLINE,100
2009-06-11,CDLBELTHOLD,100
2009-06-12,CDLSHORTLINE,-100
2009-06-15,CDLLONGLINE,-100
2009-06-15,CDLCLOSINGMARUBOZU,-100
2009-06-15,CDLMARUBOZU,-100
2009-06-15,CDLBELTHOLD,-100
2009-06-16,CDLMATCHINGLOW,100
2009-06-16,CDLDOJI,100
2009-06-16,CDLLONGLEGGEDDOJI,100
2009-06-16,CDLGRAVESTONEDOJI,100
2009-06-17,CDLSHORTLINE,-100
2009-06-19,CDLDOJI,100
2009-06-19,CDLSHORTLINE,100
2009-06-22,CDLSHORTLINE,100
2009-06-23,CDLSHORTLINE,-100
2009-06-23,CDLDOJI,100
2009-06-24,CDLLONGLEGGEDDOJI,100
2009-06-24,CDLHIGHWAVE,100
2009-06-24,CDLSPINNINGTOP,100
2009-06-24,CDLDOJI,100
2009-06-25,CDLENGULFING,-100
2009-06-25,CDLLONGLINE,-100
2009-06-25,CDLBELTHOLD,-100
2009-06-25,CDLCLOSINGMARUBOZU,-100
2009-06-25,CDLMARUBOZU,-100
2009-06-26,CDLBELTHOLD,-100
2009-06-26,CDLLONGLINE,-100
2009-06-26,CDLCLOSINGMARUBOZU,-100
2009-06-26,CDLMARUBOZU,-100
2009-06-26,CDLMATCHINGLOW,100
2009-06-29,CDLLONGLINE,100
2009-06-29,CDLBELTHOLD,100
2009-06-29,CDLCLOSINGMARUBOZU,100
2009-06-29,CDLMARUBOZU,100
2009-06-29,CDLENGULFING,100
2009-06-30,CDLLONGLINE,-100
2009-06-30,CDLENGULFING,-100
2009-06-30,CDLBELTHOLD,-100
2009-07-01,CDLHARAMI,100
2009-07-02,CDLSHORTLINE,100
2009-07-03,CDLHIKKAKE,-100
2009-07-03,CDLBELTHOLD,100
2009-07-06,CDLCLOSINGMARUBOZU,100
2009-07-07,CDLBELTHOLD,100
2009-07-07,CDLMARUBOZU,100
2009-07-07,CDLCLOSINGMARUBOZU,100
2009-07-07,CDLLONGLINE,100
2009-07-08,CDLBELTHOLD,100
2009-07-08,CDLADVANCEBLOCK,-100
2009-07-13,CDLLONGLEGGEDDOJI,100
2009-07-13,CDLTAKURI,100
2009-07-13,CDLHANGINGMAN,-100
2009-07-13,CDLDRAGONFLYDOJI,100
2009-07-13,CDLHIKKAKE,-100
2009-07-13,CDLDOJI,100
2009-07-14,CDLENGULFING,-100
2009-07-14,CDLBELTHOLD,-100
2009-07-15,CDLCLOSINGMARUBOZU,100
2009-07-15,CDLLONGLINE,100
2009-07-16,CDLLONGLINE,-100
2009-07-17,CDLMARUBOZU,100
2009-07-17,CDLCLOSINGMARUBOZU,100
2009-07-17,CDLBELTHOLD,100
2009-07-17,CDLLONGLINE,100
2009-07-20,CDLDOJISTAR,-100
2009-07-20,CDLHIGHWAVE,100
2009-07-20,CDLLONGLEGGEDDOJI,100
2009-07-20,CDLSPINNINGTOP,100
2009-07-20,CDLDOJI,100
2009-07-21,CDLLONGLINE,-100
2009-07-21,CDLCLOSINGMARUBOZU,-100
2009-07-21,CDLEVENINGDOJISTAR,-100
2009-07-21,CDLEVENINGSTAR,-100
2009-07-22,CDLCLOSINGMARUBOZU,-100
2009-07-23,CDLSHORTLINE,100
2009-07-23,CDLTHRUSTING,-100
2009-07-24,CDLSHORTLINE,-100
2009-07-27,CDLBELTHOLD,-100
2009-07-27,CDLHIKKAKE,100
2009-07-27,CDLLONGLINE,-100
2009-07-28,CDLPIERCING,100
2009-07-28,CDLBELTHOLD,100
2009-07-28,CDLCLOSINGMARUBOZU,100
2009-07-28,CDLLONGLINE,100
2009-07-28,CDLMARUBOZU,100
2009-07-29,CDLDOJISTAR,-100
2009-07-29,CDLSPINNINGTOP,100
2009-07-29,CDLHIGHWAVE,100
2009-07-29,CDLLONGLEGGEDDOJI,100
2009-07-29,CDLDOJI,100
2009-07-30,CDLHIKKAKE,200
2009-07-30,CDLBELTHOLD,100
2009-07-30,CDLMARUBOZU,100
2009-07-30,CDLLONGLINE,100
2009-07-30,CDLCLOSINGMARUBOZU,100
2009-07-31,CDLBELTHOLD,-100
2009-08-03,CDLINVERTEDHAMMER,100
2009-08-04,CDLGRAVESTONEDOJI,100
2009-08-04,CDLDOJI,100
2009-08-04,CDLLONGLEGGEDDOJI,100
2009-08-05,CDLLONGLEGGEDDOJI,100
2009-08-05,CDLSPINNINGTOP,-100
2009-08-05,CDLRICKSHAWMAN,100
2009-08-05,CDLDOJI,100
2009-08-05,CDLHIGHWAVE,-100
2009-08-05,CDLHIKKAKE,100
2009-08-06,CDLINVERTEDHAMMER,100
2009-08-07,CDLSHORTLINE,100
2009-08-07,CDLDOJI,100
2009-08-10,CDLCLOSINGMARUBOZU,100
2009-08-10,CDLMARUBOZU,100
2009-08-10,CDLLONGLINE,100
2009-08-10,CDLBELTHOLD,100
2009-08-11,CDLHARAMI,-100
2009-08-11,CDLSHORTLINE,100
2009-08-12,CDLSHORTLINE,100
2009-08-12,CDLHIKKAKE,-100
2009-08-13,CDLHIGHWAVE,100
2009-08-13,CDLDOJI,100
2009-08-13,CDLRICKSHAWMAN,100
2009-08-13,CDLLONGLEGGEDDOJI,100
2009-08-13,CDLSPINNINGTOP,100
2009-08-14,CDLSPINNINGTOP,-100
2009-08-14,CDLHIGHWAVE,-100
2009-08-17,CDLSHORTLINE,100
2009-08-18,CDLBELTHOLD,-100
2009-08-18,CDLHIKKAKE,100
2009-08-18,CDLLONGLINE,-100
2009-08-19,CDLMARUBOZU,100
2009-08-19,CDLENGULFING,100
2009-08-19,CDLLONGLINE,100
2009-08-19,CDLCLOSINGMARUBOZU,100
2009-08-19,CDLBELTHOLD,100
2009-08-20,CDLHARAMI,-100
2009-08-24,CDLBELTHOLD,-100
2009-08-24,CDLCLOSINGMARUBOZU,-100
2009-08-24,CDLLONGLINE,-100
2009-08-24,CDLMARUBOZU,-100
2009-08-25,CDLHAMMER,100
2009-08-26,CDLBELTHOLD,100
2009-08-27,CDLSHORTLINE,-100
2009-08-28,CDLMATCHINGLOW,100
2009-08-31,CDLSHORTLINE,-100
2009-09-03,CDLSHORTLINE,-100
2009-09-04,CDLBELTHOLD,100
2009-09-04,CDLSEPARATINGLINES,100
2009-09-04,CDLLONGLINE,100
2009-09-07,CDLBELTHOLD,100
2009-09-08,CDLGRAVESTONEDOJI,100
2009-09-08,CDLDOJI,100
2009-09-08,CDLLONGLEGGEDDOJI,100
2009-09-09,CDLSHORTLINE,100
2009-09-09,CDLHIKKAKE,-100
2009-09-11,CDLSHORTLINE,-100
2009-09-15,CDLSHOOTINGSTAR,-100
2009-09-15,CDLGRAVESTONEDOJI,100
2009-09-15,CDLLONGLEGGEDDOJI,100
2009-09-15,CDLDOJI,100
2009-09-16,CDLLONGLINE,100
2009-09-16,CDLBELTHOLD,100
2009-09-16,CDLCLOSINGMARUBOZU,100
2009-09-16,CDLMARUBOZU,100
2009-09-17,CDLLONGLEGGEDDOJI,100
2009-09-17,CDLTAKURI,100
2009-09-17,CDLDOJI,100
2009-09-17,CDLDRAGONFLYDOJI,100
2009-09-17,CDLHANGINGMAN,-100
2009-09-18,CDLSPINNINGTOP,-100
2009-09-21,CDLBELTHOLD,100
2009-09-22,CDLBELTHOLD,100
2009-09-22,CDLLONGLINE,100
2009-09-22,CDLMARUBOZU,100
2009-09-22,CDLCLOSINGMARUBOZU,100
2009-09-23,CDLBELTHOLD,-100
2009-09-23,CDLLONGLINE,-100
2009-09-23,CDLMARUBOZU,-100
2009-09-23,CDLXSIDEGAP3METHODS,100
2009-09-23,CDLCLOSINGMARUBOZU,-100
2009-09-24,CDLSHORTLINE,100
2009-09-24,CDLTHRUSTING,-100
2009-09-28,CDLSHORTLINE,100
2009-09-29,CDLSHOOTINGSTAR,-100
2009-09-29,CDLHIKKAKE,-100
2009-10-01,CDLDOJI,100
2009-10-01,CDLSHORTLINE,100
2009-10-02,CDLSHORTLINE,100
2009-10-05,CDLDOJI,100
2009-10-05,CDLSPINNINGTOP,100
2009-10-05,CDLLONGLEGGEDDOJI,100
2009-10-05,CDLHIGHWAVE,100
2009-10-05,CDLRICKSHAWMAN,100
2009-10-06,CDLSHOOTINGSTAR,-100
2009-10-07,CDLSHORTLINE,100
2009-10-08,CDLBELTHOLD,-100
2009-10-08,CDLMARUBOZU,-100
2009-10-08,CDLCLOSINGMARUBOZU,-100
2009-10-08,CDLLONGLINE,-100
2009-10-08,CDLSEPARATINGLINES,-100
2009-10-09,CDLBELTHOLD,100
2009-10-12,CDLLONGLINE,100
2009-10-12,CDLBELTHOLD,100
2009-10-12,CDLMARUBOZU,100
2009-10-12,CDLCLOSINGMARUBOZU,100
2009-10-13,CDLSPINNINGTOP,-100
2009-10-13,CDLHIGHWAVE,-100
2009-10-14,CDLINVERTEDHAMMER,100
2009-10-15,CDLSHORTLINE,-100
2009-10-16,CDLHIKKAKEMOD,100
2009-10-16,CDLHIKKAKE,100
2009-10-16,CDLSHORTLINE,-100
2009-10-19,CDLHIKKAKEMOD,200
2009-10-19,CDLBELTHOLD,100
2009-10-19,CDLMARUBOZU,100
2009-10-19,CDLCLOSINGMARUBOZU,100
2009-10-19,CDLLONGLINE,100
2009-10-19,CDLHIKKAKE,200
2009-10-20,CDLBELTHOLD,-100
2009-10-22,CDLSHORTLINE,100
2009-10-22,CDLDOJI,100
2009-10-23,CDLDOJI,100
2009-10-23,CDLGRAVESTONEDOJI,100
2009-10-23,CDLSHOOTINGSTAR,-100
2009-10-23,CDLSHORTLINE,100
2009-10-23,CDLLONGLEGGEDDOJI,100
2009-10-23,CDLHIKKAKE,-100
2009-10-28,CDLSHORTLINE,-100
2009-10-29,CDLSPINNINGTOP,-100
2009-10-29,CDLMATCHINGLOW,100
2009-10-30,CDLDOJI,100
2009-10-30,CDLGRAVESTONEDOJI,100
2009-10-30,CDLSHORTLINE,100
2009-10-30,CDLLONGLEGGEDDOJI,100
2009-11-02,CDLDOJI,100
2009-11-02,CDLHIKKAKE,100
2009-11-02,CDLTAKURI,100
2009-11-02,CDLHAMMER,100
2009-11-02,CDLDRAGONFLYDOJI,100
2009-11-02,CDLLONGLEGGEDDOJI,100
2009-11-02,CDLSHORTLINE,100
2009-11-03,CDLGRAVESTONEDOJI,100
2009-11-03,CDLLONGLEGGEDDOJI,100
2009-11-03,CDLSHOOTINGSTAR,-100
2009-11-03,CDLDOJI,100
2009-11-03,CDLTRISTAR,100
2009-11-04,CDLCLOSINGMARUBOZU,-100
2009-11-04,CDLLONGLINE,-100
2009-11-05,CDLCLOSINGMARUBOZU,-100
2009-11-05,CDLBELTHOLD,-100
2009-11-05,CDLLONGLINE,-100
2009-11-05,CDLMARUBOZU,-100
2009-11-05,CDLMATCHINGLOW,100
2009-11-06,CDLTHRUSTING,-100
2009-11-06,CDLBELTHOLD,100
2009-11-09,CDLCLOSINGMARUBOZU,-100
2009-11-10,CDLTAKURI,100
2009-11-10,CDLLONGLEGGEDDOJI,100
2009-11-10,CDLDOJI,100
2009-11-10,CDLSHORTLINE,100
2009-11-10,CDLHAMMER,100
2009-11-10,CDLDRAGONFLYDOJI,100
2009-11-11,CDLBELTHOLD,-100
2009-11-12,CDLDOJISTAR,100
2009-11-12,CDLLONGLEGGEDDOJI,100
2009-11-12,CDLSHORTLINE,100
2009-11-12,CDLDOJI,100
2009-11-12,CDLINVERTEDHAMMER,100
2009-11-12,CDLGRAVESTONEDOJI,100
2009-11-13,CDLBELTHOLD,100
2009-11-13,CDLCLOSINGMARUBOZU,100
2009-11-13,CDLLONGLINE,100
2009-11-13,CDLMORNINGDOJISTAR,100
2009-11-13,CDLMARUBOZU,100
2009-11-13,CDLMORNINGSTAR,100
2009-11-16,CDLDOJI,100
2009-11-16,CDLLONGLEGGEDDOJI,100
2009-11-16,CDLSPINNINGTOP,100
2009-11-16,CDLHIGHWAVE,100
2009-11-17,CDLCLOSINGMARUBOZU,-100
2009-11-17,CDLBELTHOLD,-100
2009-11-17,CDLLONGLINE,-100
2009-11-17,CDLMARUBOZU,-100
2009-11-18,CDLHIKKAKE,100
2009-11-18,CDLCLOSINGMARUBOZU,100
2009-11-18,CDLBELTHOLD,100
2009-11-18,CDLLONGLINE,100
2009-11-18,CDLMARUBOZU,100
2009-11-18,CDLPIERCING,100
2009-11-19,CDLMARUBOZU,-100
2009-11-19,CDLLONGLINE,-100
2009-11-19,CDLBELTHOLD,-100
2009-11-19,CDLCLOSINGMARUBOZU,-100
2009-11-20,CDLSHORTLINE,-100
2009-11-23,CDLSHORTLINE,-100
2009-11-23,CDLMATCHINGLOW,100
2009-11-25,CDLTAKURI,100
2009-11-25,CDLLONGLEGGEDDOJI,100
2009-11-25,CDLDOJI,100
2009-11-25,CDLDRAGONFLYDOJI,100
2009-11-26,CDLSPINNINGTOP,100
2009-11-26,CDLDOJI,100
2009-11-26,CDLLONGLEGGEDDOJI,100
2009-11-26,CDLHIGHWAVE,100
2009-11-27,CDLMARUBOZU,-100
2009-11-27,CDLENGULFING,-100
2009-11-27,CDLCLOSINGMARUBOZU,-100
2009-11-27,CDLBELTHOLD,-100
2009-11-27,CDLLONGLINE,-100
2009-11-30,CDLDOJI,100
2009-11-30,CDLHAMMER,100
2009-11-30,CDLLONGLEGGEDDOJI,100
2009-11-30,CDLDRAGONFLYDOJI,100
2009-11-30,CDLTAKURI,100
2009-12-01,CDLINVERTEDHAMMER,100
2009-12-02,CDLBELTHOLD,-100
2009-12-03,CDLSHORTLINE,-100
2009-12-04,CDLHIKKAKE,-100
2009-12-04,CDLLONGLINE,-100
2009-12-04,CDLBELTHOLD,-100
2009-12-07,CDLBELTHOLD,100
2009-12-08,CDLSHORTLINE,-100
2009-12-11,CDLBELTHOLD,100
2009-12-15,CDLBELTHOLD,100
2009-12-15,CDLMARUBOZU,100
2009-12-15,CDLCLOSINGMARUBOZU,100
2009-12-15,CDLLONGLINE,100
2009-12-16,CDLDARKCLOUDCOVER,-100
2009-12-16,CDLCLOSINGMARUBOZU,-100
2009-12-17,CDLCLOSINGMARUBOZU,100
2009-12-18,CDLHARAMI,-100
2009-12-21,CDLDOJI,100
2009-12-21,CDLSHORTLINE,100
2009-12-23,CDLCLOSINGMARUBOZU,100
2009-12-24,CDLBELTHOLD,-100
2009-12-25,CDLBELTHOLD,100
2009-12-25,CDLLONGLINE,100
2009-12-25,CDLMARUBOZU,100
2009-12-25,CDLCLOSINGMARUBOZU,100
2009-12-28,CDLDOJISTAR,-100
2009-12-28,CDLDOJI,100
2009-12-28,CDLSHORTLINE,100
2009-12-29,CDLDOJI,100
2009-12-29,CDLSHORTLINE,100
2009-12-30,CDLDOJI,100
2009-12-30,CDLSHORTLINE,100
2009-12-31,CDLDOJI,100
2009-12-31,CDLSHORTLINE,100
2010-01-04,CDLBELTHOLD,-100
2010-01-06,CDLCLOSINGMARUBOZU,100
2010-01-06,CDLXSIDEGAP3METHODS,-100
2010-01-06,CDLBELTHOLD,100
2010-01-06,CDLLONGLINE,100
2010-01-06,CDLMARUBOZU,100
2010-01-07,CDLBELTHOLD,-100
2010-01-08,CDLGRAVESTONEDOJI,100
2010-01-08,CDLDOJISTAR,100
2010-01-08,CDLINVERTEDHAMMER,100
2010-01-08,CDLDOJI,100
2010-01-08,CDLLONGLEGGEDDOJI,100
2010-01-11,CDLCLOSINGMARUBOZU,100
2010-01-12,CDLCLOSINGMARUBOZU,-100
2010-01-13,CDLPIERCING,100
2010-01-13,CDLCLOSINGMARUBOZU,100
2010-01-13,CDLLONGLINE,100
2010-01-13,CDLMARUBOZU,100
2010-01-13,CDLBELTHOLD,100
2010-01-15,CDLSPINNINGTOP,-100
2010-01-18,CDLINVERTEDHAMMER,100
2010-01-19,CDLGRAVESTONEDOJI,100
2010-01-19,CDLLONGLEGGEDDOJI,100
2010-01-19,CDLDOJI,100
2010-01-19,CDLSHORTLINE,100
2010-01-20,CDLSHORTLINE,-100
2010-01-20,CDLENGULFING,-100
2010-01-21,CDL3OUTSIDE,-100
2010-01-21,CDLSHORTLINE,-100
2010-01-22,CDLSHORTLINE,-100
2010-01-25,CDLLONGLEGGEDDOJI,100
2010-01-25,CDLDOJI,100
2010-01-25,CDLGRAVESTONEDOJI,100
2010-01-26,CDLCLOSINGMARUBOZU,-100
2010-01-29,CDLSHORTLINE,-100
2010-02-01,CDLLONGLINE,-100
2010-02-02,CDLLONGLINE,-100
2010-02-02,CDLCLOSINGMARUBOZU,-100
2010-02-03,CDLBELTHOLD,-100
2010-02-05,CDLHAMMER,100
2010-02-08,CDLLONGLINE,-100
2010-02-09,CDLBELTHOLD,-100
2010-02-10,CDLSPINNINGTOP,100
2010-02-22,CDLLONGLEGGEDDOJI,100
2010-02-22,CDLDOJI,100
2010-02-22,CDLGRAVESTONEDOJI,100
2010-02-23,CDLHANGINGMAN,-100
2010-02-23,CDLLONGLEGGEDDOJI,100
2010-02-23,CDLDOJI,100
2010-02-23,CDLTAKURI,100
2010-02-23,CDLSHORTLINE,100
2010-02-24,CDLMARUBOZU,100
2010-02-24,CDLCLOSINGMARUBOZU,100
2010-02-24,CDLLONGLINE,100
2010-02-24,CDLBELTHOLD,100
2010-02-25,CDLDARKCLOUDCOVER,-100
2010-02-26,CDLCLOSINGMARUBOZU,-100
2010-03-01,CDLSHORTLINE,-100
2010-03-03,CDLSHORTLINE,-100
2010-03-04,CDLLONGLEGGEDDOJI,100
2010-03-04,CDLDOJI,100
2010-03-04,CDLINVERTEDHAMMER,100
2010-03-04,CDLGRAVESTONEDOJI,100
2010-03-05,CDLSHORTLINE,100
2010-03-08,CDLSHORTLINE,-100
2010-03-09,CDLBELTHOLD,-100
2010-03-11,CDLMARUBOZU,100
2010-03-11,CDLCLOSINGMARUBOZU,100
2010-03-11,CDLLONGLINE,100
2010-03-11,CDLBELTHOLD,100
2010-03-12,CDLBELTHOLD,-100
2010-03-15,CDLSPINNINGTOP,100
2010-03-15,CDLLONGLEGGEDDOJI,100
2010-03-15,CDLHIGHWAVE,100
2010-03-15,CDLHIKKAKE,100
2010-03-15,CDLDOJI,100
2010-03-16,CDLSHORTLINE,100
2010-03-17,CDLHIKKAKE,-100
2010-03-24,CDLLONGLEGGEDDOJI,100
2010-03-24,CDLDOJI,100
2010-03-24,CDLHIGHWAVE,100
2010-03-24,CDLSPINNINGTOP,100
2010-03-25,CDLSHORTLINE,-100
2010-03-26,CDLLONGLINE,100
2010-03-26,CDLENGULFING,100
2010-03-26,CDLCLOSINGMARUBOZU,100
2010-03-29,CDLSHORTLINE,100
2010-03-29,CDLDOJISTAR,-100
2010-03-29,CDLDOJI,100
2010-03-29,CDL3OUTSIDE,100
2010-03-30,CDLDOJI,100
2010-03-30,CDLSHORTLINE,100
2010-03-31,CDLHANGINGMAN,-100
2010-03-31,CDLTAKURI,100
2010-03-31,CDLDOJI,100
2010-03-31,CDLLONGLEGGEDDOJI,100
2010-03-31,CDLDRAGONFLYDOJI,100
2010-04-01,CDLSPINNINGTOP,-100
2010-04-01,CDLHIGHWAVE,-100
2010-04-06,CDLLONGLINE,-100
2010-04-09,CDLCLOSINGMARUBOZU,100
2010-04-14,CDLRICKSHAWMAN,100
2010-04-14,CDLDOJI,100
2010-04-14,CDLSPINNINGTOP,-100
2010-04-14,CDLLONGLEGGEDDOJI,100
2010-04-15,CDLLONGLEGGEDDOJI,100
2010-04-15,CDLDOJI,100
2010-04-15,CDLGRAVESTONEDOJI,100
2010-04-16,CDLSHORTLINE,100
2010-04-19,CDLCLOSINGMARUBOZU,-100
2010-04-20,CDLBELTHOLD,-100
2010-04-20,CDLCLOSINGMARUBOZU,-100
2010-04-20,CDLLONGLINE,-100
2010-04-20,CDLMARUBOZU,-100
2010-04-21,CDLDOJI,100
2010-04-21,CDLSPINNINGTOP,100
2010-04-21,CDLHIGHWAVE,100
2010-04-21,CDLLONGLEGGEDDOJI,100
2010-04-21,CDLHARAMICROSS,100
2010-04-21,CDLRICKSHAWMAN,100
2010-04-21,CDLHARAMI,100
2010-04-22,CDLBELTHOLD,100
2010-04-22,CDL3INSIDE,100
2010-04-26,CDLHIKKAKE,100
2010-04-27,CDLSPINNINGTOP,-100
2010-04-28,CDLSPINNINGTOP,100
2010-04-28,CDLRICKSHAWMAN,100
2010-04-28,CDLDOJI,100
2010-04-28,CDLLONGLEGGEDDOJI,100
2010-04-28,CDLHIGHWAVE,100
2010-04-29,CDLLONGLINE,-100
2010-04-29,CDLBELTHOLD,-100
2010-04-30,CDLCLOSINGMARUBOZU,-100
2010-05-04,CDLHIGHWAVE,-100
2010-05-04,CDLSPINNINGTOP,-100
2010-05-05,CDLENGULFING,100
2010-05-05,CDLBELTHOLD,100
2010-05-06,CDLBELTHOLD,-100
2010-05-06,CDLENGULFING,-100
2010-05-07,CDL3OUTSIDE,-100
2010-05-07,CDLINVERTEDHAMMER,100
2010-05-10,CDLMARUBOZU,100
2010-05-10,CDLCLOSINGMARUBOZU,100
2010-05-10,CDLLONGLINE,100
2010-05-10,CDLBELTHOLD,100
2010-05-11,CDLDOJI,100
2010-05-11,CDLGRAVESTONEDOJI,100
2010-05-11,CDLDOJISTAR,-100
2010-05-11,CDLSHOOTINGSTAR,-100
2010-05-11,CDLLONGLEGGEDDOJI,100
2010-05-12,CDLGAPSIDESIDEWHITE,100
2010-05-12,CDLSHORTLINE,100
2010-05-12,CDLDOJI,100
2010-05-13,CDLCLOSINGMARUBOZU,100
2010-05-13,CDLMARUBOZU,100
2010-05-13,CDLLONGLINE,100
2010-05-13,CDLBELTHOLD,100
2010-05-14,CDLSHORTLINE,-100
2010-05-18,CDLSHORTLINE,-100
2010-05-19,CDLHIKKAKE,100
2010-05-20,CDLINVERTEDHAMMER,100
2010-05-21,CDLHAMMER,100
2010-05-24,CDLBELTHOLD,100
2010-05-25,CDLLONGLINE,-100
2010-05-25,CDLBELTHOLD,-100
2010-05-26,CDLHARAMI,100
2010-05-27,CDLLONGLINE,100
2010-05-27,CDLBELTHOLD,100
2010-05-28,CDLDOJI,100
2010-05-28,CDLGRAVESTONEDOJI,100
2010-05-28,CDLLONGLEGGEDDOJI,100
2010-05-28,CDLDOJISTAR,-100
2010-05-28,CDLSHOOTINGSTAR,-100
2010-05-31,CDLBELTHOLD,100
2010-05-31,CDLLONGLINE,100
2010-05-31,CDLMARUBOZU,100
2010-05-31,CDLCLOSINGMARUBOZU,100
2010-06-01,CDLSHORTLINE,100
2010-06-01,CDLDOJISTAR,-100
2010-06-01,CDLDOJI,100
2010-06-02,CDLBELTHOLD,-100
2010-06-02,CDLENGULFING,-100
2010-06-03,CDL3OUTSIDE,-100
2010-06-07,CDLSHORTLINE,100
2010-06-08,CDLDOJI,100
2010-06-08,CDLLONGLEGGEDDOJI,100
2010-06-08,CDLGRAVESTONEDOJI,100
2010-06-08,CDLRICKSHAWMAN,100
2010-06-08,CDLSPINNINGTOP,-100
2010-06-09,CDLBELTHOLD,-100
2010-06-09,CDLMARUBOZU,-100
2010-06-09,CDLLONGLINE,-100
2010-06-09,CDLCLOSINGMARUBOZU,-100
2010-06-14,CDLDOJI,100
2010-06-14,CDLGRAVESTONEDOJI,100
2010-06-14,CDLLONGLEGGEDDOJI,100
2010-06-15,CDLHIGHWAVE,100
2010-06-15,CDLRICKSHAWMAN,100
2010-06-15,CDLSPINNINGTOP,100
2010-06-15,CDLDOJI,100
2010-06-15,CDLLONGLEGGEDDOJI,100
2010-06-17,CDLBELTHOLD,100
2010-06-18,CDLMARUBOZU,100
2010-06-18,CDLLONGLINE,100
2010-06-18,CDLCLOSINGMARUBOZU,100
2010-06-18,CDLBELTHOLD,100
2010-06-21,CDLBELTHOLD,100
2010-06-22,CDLSHORTLINE,100
2010-06-23,CDLGRAVESTONEDOJI,100
2010-06-23,CDLHIKKAKE,-100
2010-06-23,CDLDOJI,100
2010-06-23,CDLLONGLEGGEDDOJI,100
2010-06-24,CDLCLOSINGMARUBOZU,-100
2010-06-24,CDLMARUBOZU,-100
2010-06-24,CDLLONGLINE,-100
2010-06-24,CDLBELTHOLD,-100
2010-06-24,CDLHIKKAKE,-200
2010-06-25,CDLMARUBOZU,100
2010-06-25,CDLENGULFING,100
2010-06-25,CDLBELTHOLD,100
2010-06-25,CDLLONGLINE,100
2010-06-25,CDLCLOSINGMARUBOZU,100
2010-06-28,CDLBELTHOLD,100
2010-06-28,CDL3OUTSIDE,100
2010-07-01,CDLSHORTLINE,100
2010-07-02,CDLSPINNINGTOP,100
2010-07-05,CDLCLOSINGMARUBOZU,100
2010-07-05,CDLBELTHOLD,100
2010-07-05,CDLLONGLINE,100
2010-07-05,CDLMARUBOZU,100
2010-07-06,CDLHARAMI,-100
2010-07-06,CDLSHORTLINE,100
2010-07-07,CDLSHORTLINE,100
2010-07-07,CDLDRAGONFLYDOJI,100
2010-07-07,CDLTAKURI,100
2010-07-07,CDLLONGLEGGEDDOJI,100
2010-07-07,CDLDOJI,100
2010-07-08,CDLENGULFING,-100
2010-07-09,CDLSHORTLINE,100
2010-07-12,CDLMARUBOZU,100
2010-07-12,CDLCLOSINGMARUBOZU,100
2010-07-12,CDLLONGLINE,100
2010-07-12,CDLBELTHOLD,100
2010-07-14,CDLHIGHWAVE,100
2010-07-14,CDLDOJISTAR,100
2010-07-14,CDLLONGLEGGEDDOJI,100
2010-07-14,CDLDOJI,100
2010-07-14,CDLSPINNINGTOP,100
2010-07-15,CDLBELTHOLD,-100
2010-07-16,CDLSHORTLINE,100
2010-07-19,CDLSHOOTINGSTAR,-100
2010-07-19,CDLGRAVESTONEDOJI,100
2010-07-19,CDLLONGLEGGEDDOJI,100
2010-07-19,CDLDOJI,100
2010-07-20,CDLLONGLINE,-100
2010-07-20,CDLENGULFING,-100
2010-07-20,CDLBELTHOLD,-100
2010-07-21,CDLHAMMER,100
2010-07-21,CDL3OUTSIDE,-100
2010-07-22,CDLLONGLINE,-100
2010-07-22,CDLMARUBOZU,-100
2010-07-22,CDLBELTHOLD,-100
2010-07-22,CDLCLOSINGMARUBOZU,-100
2010-07-23,CDLBELTHOLD,100
2010-07-23,CDLCLOSINGMARUBOZU,100
2010-07-23,CDLHIKKAKE,-100
2010-07-23,CDLLONGLINE,100
2010-07-23,CDLMARUBOZU,100
2010-07-26,CDLSPINNINGTOP,-100
2010-07-28,CDLHANGINGMAN,-100
2010-07-29,CDLCLOSINGMARUBOZU,-100
2010-07-30,CDLCLOSINGMARUBOZU,100
2010-07-30,CDLLONGLINE,100
2010-07-30,CDLMARUBOZU,100
2010-07-30,CDLENGULFING,100
2010-07-30,CDLBELTHOLD,100
2010-08-02,CDLHANGINGMAN,-100
2010-08-03,CDLCLOSINGMARUBOZU,100
2010-08-03,CDLLONGLINE,100
2010-08-03,CDLMARUBOZU,100
2010-08-03,CDLBELTHOLD,100
2010-08-05,CDLBELTHOLD,100
2010-08-09,CDLHIKKAKE,-100
2010-08-09,CDLBELTHOLD,100
2010-08-10,CDLLONGLINE,100
2010-08-10,CDLMARUBOZU,100
2010-08-10,CDLBELTHOLD,100
2010-08-10,CDLCLOSINGMARUBOZU,100
2010-08-11,CDLSPINNINGTOP,100
2010-08-12,CDLCLOSINGMARUBOZU,100
2010-08-18,CDLHIKKAKE,100
2010-08-20,CDLMARUBOZU,100
2010-08-20,CDLBELTHOLD,100
2010-08-20,CDLCLOSINGMARUBOZU,100
2010-08-20,CDLHIKKAKE,200
2010-08-20,CDLLONGLINE,100
2010-08-25,CDLINVERTEDHAMMER,100
2010-08-27,CDLBELTHOLD,-100
2010-08-27,CDLMARUBOZU,-100
2010-08-27,CDLCLOSINGMARUBOZU,-100
2010-08-27,CDLLONGLINE,-100
2010-08-30,CDLDOJI,100
2010-08-30,CDLSHORTLINE,100
2010-08-30,CDLLONGLEGGEDDOJI,100
2010-08-30,CDLSPINNINGTOP,100
2010-08-30,CDLHIGHWAVE,100
2010-08-30,CDLRICKSHAWMAN,100
2010-08-31,CDLCLOSINGMARUBOZU,-100
2010-09-01,CDLCLOSINGMARUBOZU,-100
2010-09-01,CDLLONGLINE,-100
2010-09-02,CDLMARUBOZU,100
2010-09-02,CDLCLOSINGMARUBOZU,100
2010-09-02,CDLENGULFING,100
2010-09-02,CDLBELTHOLD,100
2010-09-02,CDLLONGLINE,100
2010-09-03,CDLBELTHOLD,100
2010-09-03,CDL3OUTSIDE,100
2010-09-03,CDLCLOSINGMARUBOZU,100
2010-09-03,CDLLONGLINE,100
2010-09-03,CDLMARUBOZU,100
2010-09-06,CDLCLOSINGMARUBOZU,100
2010-09-07,CDLENGULFING,-100
2010-09-08,CDLSPINNINGTOP,100
2010-09-08,CDL3OUTSIDE,-100
2010-09-13,CDLCLOSINGMARUBOZU,100
2010-09-13,CDLLONGLINE,100
2010-09-13,CDLMARUBOZU,100
2010-09-13,CDLBELTHOLD,100
2010-09-14,CDLSHORTLINE,-100
2010-09-16,CDLINVERTEDHAMMER,100
2010-09-20,CDLSHORTLINE,-100
2010-09-21,CDLSPINNINGTOP,100
2010-09-21,CDLDOJI,100
2010-09-21,CDLHIGHWAVE,100
2010-09-21,CDLRICKSHAWMAN,100
2010-09-21,CDLLONGLEGGEDDOJI,100
2010-09-23,CDLDOJI,100
2010-09-23,CDLLONGLEGGEDDOJI,100
2010-09-23,CDLGRAVESTONEDOJI,100
2010-09-27,CDLCLOSINGMARUBOZU,-100
2010-09-27,CDLENGULFING,-100
2010-09-28,CDLLONGLEGGEDDOJI,100
2010-09-28,CDLDOJI,100
2010-09-28,CDLMATCHINGLOW,100
2010-09-28,CDLGRAVESTONEDOJI,100
2010-09-30,CDLHIGHWAVE,100
2010-09-30,CDLSPINNINGTOP,100
2010-09-30,CDLDOJI,100
2010-09-30,CDLRICKSHAWMAN,100
2010-09-30,CDLLONGLEGGEDDOJI,100
2010-10-01,CDLSPINNINGTOP,100
2010-10-01,CDLLONGLEGGEDDOJI,100
2010-10-01,CDLGRAVESTONEDOJI,100
2010-10-01,CDLDOJI,100
2010-10-01,CDLHIGHWAVE,100
2010-10-01,CDLRICKSHAWMAN,100
2010-10-04,CDLGRAVESTONEDOJI,100
2010-10-04,CDLSHORTLINE,100
2010-10-04,CDLDOJI,100
2010-10-04,CDLLONGLEGGEDDOJI,100
2010-10-05,CDLSPINNINGTOP,100
2010-10-05,CDLLONGLEGGEDDOJI,100
2010-10-05,CDLDOJI,100
2010-10-05,CDLHIGHWAVE,100
2010-10-05,CDLHIKKAKE,100
2010-10-06,CDLENGULFING,-100
2010-10-06,CDLLONGLINE,-100
2010-10-07,CDLDOJI,100
2010-10-07,CDLSPINNINGTOP,100
2010-10-07,CDLRICKSHAWMAN,100
2010-10-07,CDLLONGLEGGEDDOJI,100
2010-10-07,CDLHIGHWAVE,100
2010-10-08,CDLBELTHOLD,100
2010-10-08,CDLLONGLINE,100
2010-10-08,CDLCLOSINGMARUBOZU,100
2010-10-08,CDLHIKKAKE,200
2010-10-08,CDLMARUBOZU,100
2010-10-11,CDLBELTHOLD,-100
2010-10-12,CDLMARUBOZU,-100
2010-10-12,CDLCLOSINGMARUBOZU,-100
2010-10-12,CDLLONGLINE,-100
2010-10-12,CDLBELTHOLD,-100
2010-10-14,CDLSPINNINGTOP,100
2010-10-14,CDLDOJI,100
2010-10-14,CDLLONGLEGGEDDOJI,100
2010-10-14,CDLHANGINGMAN,-100
2010-10-14,CDLRICKSHAWMAN,100
2010-10-14,CDLTAKURI,100
2010-10-14,CDLDRAGONFLYDOJI,100
2010-10-14,CDLHIGHWAVE,100
2010-10-15,CDLHIKKAKE,100
2010-10-15,CDLHIKKAKEMOD,100
2010-10-20,CDLINVERTEDHAMMER,100
2010-10-22,CDLCLOSINGMARUBOZU,100
2010-10-25,CDLSHORTLINE,-100
2010-10-25,CDLHARAMI,-100
2010-10-26,CDLSHORTLINE,-100
2010-10-26,CDLHIKKAKE,100
2010-10-27,CDLSHORTLINE,100
2010-10-28,CDLSHORTLINE,-100
2010-11-01,CDLBELTHOLD,-100
2010-11-02,CDLBELTHOLD,100
2010-11-03,CDLSHORTLINE,100
2010-11-03,CDLRICKSHAWMAN,100
2010-11-03,CDLHIGHWAVE,100
2010-11-03,CDLDOJISTAR,-100
2010-11-03,CDLDOJI,100
2010-11-03,CDLLONGLEGGEDDOJI,100
2010-11-03,CDLSPINNINGTOP,100
2010-11-04,CDLHIKKAKE,100
2010-11-04,CDLEVENINGSTAR,-100
2010-11-04,CDLEVENINGDOJISTAR,-100
2010-11-04,CDLLONGLINE,-100
2010-11-05,CDLBELTHOLD,100
2010-11-05,CDLHIKKAKE,200
2010-11-05,CDLCLOSINGMARUBOZU,100
2010-11-05,CDLMARUBOZU,100
2010-11-05,CDLLONGLINE,100
2010-11-08,CDLCLOSINGMARUBOZU,-100
2010-11-08,CDLLONGLINE,-100
2010-11-09,CDLLONGLINE,100
2010-11-09,CDLBELTHOLD,100
2010-11-09,CDLTHRUSTING,-100
2010-11-11,CDLLONGLINE,-100
2010-11-11,CDLBELTHOLD,-100
2010-11-12,CDLMATCHINGLOW,100
2010-11-16,CDLSHORTLINE,100
2010-11-22,CDLSHORTLINE,-100
2010-11-23,CDLSHORTLINE,-100
2010-11-24,CDLSPINNINGTOP,100
2010-11-29,CDLBELTHOLD,-100
2010-11-30,CDLSHORTLINE,-100
2010-12-02,CDLBELTHOLD,-100
2010-12-03,CDLTAKURI,100
2010-12-03,CDLDOJI,100
2010-12-03,CDLDRAGONFLYDOJI,100
2010-12-03,CDLLONGLEGGEDDOJI,100
2010-12-06,CDLSHORTLINE,-100
2010-12-07,CDLSHORTLINE,100
2010-12-08,CDLINVERTEDHAMMER,100
2010-12-09,CDLRICKSHAWMAN,100
2010-12-09,CDLHIGHWAVE,100
2010-12-09,CDLDOJI,100
2010-12-09,CDLLONGLEGGEDDOJI,100
2010-12-09,CDLSPINNINGTOP,100
2010-12-10,CDLDOJI,100
2010-12-10,CDLSPINNINGTOP,100
2010-12-10,CDLLONGLEGGEDDOJI,100
2010-12-10,CDLRICKSHAWMAN,100
2010-12-10,CDLHIGHWAVE,100
2010-12-14,CDLBELTHOLD,-100
2010-12-15,CDLMARUBOZU,-100
2010-12-15,CDLLONGLINE,-100
2010-12-15,CDLCLOSINGMARUBOZU,-100
2010-12-15,CDLBELTHOLD,-100
2010-12-16,CDLSHORTLINE,-100
2010-12-16,CDLHIKKAKE,100
2010-12-17,CDLCLOSINGMARUBOZU,-100
2010-12-17,CDLLONGLINE,-100
2010-12-20,CDLLONGLINE,-100
2010-12-22,CDLBELTHOLD,100
2010-12-22,CDLMARUBOZU,100
2010-12-22,CDLCLOSINGMARUBOZU,100
2010-12-22,CDLLONGLINE,100
2010-12-23,CDLCLOSINGMARUBOZU,-100
2010-12-23,CDLLONGLINE,-100
2010-12-23,CDLMARUBOZU,-100
2010-12-23,CDLBELTHOLD,-100
2010-12-24,CDLBELTHOLD,-100
2010-12-24,CDLMARUBOZU,-100
2010-12-24,CDLLONGLINE,-100
2010-12-24,CDLCLOSINGMARUBOZU,-100
2010-12-27,CDLDOJI,100
2010-12-27,CDLDOJISTAR,100
2010-12-27,CDLSPINNINGTOP,-100
2010-12-27,CDLLONGLEGGEDDOJI,100
2010-12-27,CDLHIGHWAVE,-100
2010-12-28,CDLBELTHOLD,-100
2010-12-28,CDLLONGLINE,-100
2010-12-29,CDLBELTHOLD,-100
2010-12-30,CDLSHORTLINE,-100
2010-12-31,CDLBELTHOLD,-100
2010-12-31,CDLCLOSINGMARUBOZU,-100
2010-12-31,CDLLONGLINE,-100
2010-12-31,CDLMARUBOZU,-100
2011-01-04,CDLBELTHOLD,100
2011-01-05,CDLHARAMI,-100
2011-01-06,CDLLONGLEGGEDDOJI,100
2011-01-06,CDLRICKSHAWMAN,100
2011-01-06,CDLSPINNINGTOP,-100
2011-01-06,CDLDOJI,100
2011-01-07,CDLCLOSINGMARUBOZU,-100
2011-01-10,CDLTHRUSTING,-100
2011-01-10,CDLBELTHOLD,100
2011-01-10,CDLLONGLINE,100
2011-01-10,CDLMARUBOZU,100
2011-01-10,CDLCLOSINGMARUBOZU,100
2011-01-11,CDLHANGINGMAN,-100
2011-01-12,CDLENGULFING,-100
2011-01-12,CDLSHORTLINE,-100
2011-01-13,CDLDOJI,100
2011-01-13,CDLGRAVESTONEDOJI,100
2011-01-13,CDLLONGLEGGEDDOJI,100
2011-01-14,CDLHIKKAKE,-100
2011-01-17,CDLSHORTLINE,-100
2011-01-18,CDLSHORTLINE,100
2011-01-18,CDLHIKKAKE,-100
2011-01-19,CDLSHORTLINE,-100
2011-01-19,CDLSTICKSANDWICH,100
2011-01-25,CDLHAMMER,100
2011-01-26,CDLSPINNINGTOP,-100
2011-01-27,CDLHIKKAKE,-100
2011-01-27,CDLLONGLINE,-100
2011-01-28,CDLBELTHOLD,-100
2011-02-08,CDLSPINNINGTOP,100
2011-02-08,CDLDOJI,100
2011-02-08,CDLHARAMICROSS,100
2011-02-08,CDLHIGHWAVE,100
2011-02-08,CDLLONGLEGGEDDOJI,100
2011-02-08,CDLRICKSHAWMAN,100
2011-02-08,CDLHARAMI,100
2011-02-09,CDLLONGLINE,-100
2011-02-09,CDLBELTHOLD,-100
2011-02-10,CDLLONGLINE,-100
2011-02-10,CDLCLOSINGMARUBOZU,-100
2011-02-11,CDLLONGLINE,-100
2011-02-11,CDLCLOSINGMARUBOZU,-100
2011-02-11,CDLMARUBOZU,-100
2011-02-11,CDLBELTHOLD,-100
2011-02-14,CDLBELTHOLD,100
2011-02-14,CDLMARUBOZU,100
2011-02-14,CDLLONGLINE,100
2011-02-14,CDLCLOSINGMARUBOZU,100
2011-02-15,CDLHARAMI,-100
2011-02-15,CDLSPINNINGTOP,100
2011-02-15,CDLHARAMICROSS,-100
2011-02-15,CDLLONGLEGGEDDOJI,100
2011-02-15,CDLDOJI,100
2011-02-15,CDLHIGHWAVE,100
2011-02-15,CDLRICKSHAWMAN,100
2011-02-16,CDLLONGLINE,100
2011-02-18,CDLHIGHWAVE,100
2011-02-18,CDLSPINNINGTOP,100
2011-02-18,CDLDOJI,100
2011-02-18,CDLLONGLEGGEDDOJI,100
2011-02-21,CDLLONGLINE,-100
2011-02-21,CDLENGULFING,-100
2011-02-21,CDLBELTHOLD,-100
2011-02-22,CDL3OUTSIDE,-100
2011-02-22,CDLSHORTLINE,-100
2011-02-23,CDLSPINNINGTOP,-100
2011-02-23,CDLHIGHWAVE,-100
2011-02-25,CDLBELTHOLD,-100
2011-02-25,CDLENGULFING,-100
2011-03-04,CDLSPINNINGTOP,100
2011-03-04,CDLHIGHWAVE,100
2011-03-04,CDLADVANCEBLOCK,-100
2011-03-08,CDLSHORTLINE,-100
2011-03-09,CDLLONGLEGGEDDOJI,100
2011-03-09,CDLGRAVESTONEDOJI,100
2011-03-09,CDLDOJI,100
2011-03-10,CDLSPINNINGTOP,-100
2011-03-11,CDLCLOSINGMARUBOZU,100
2011-03-11,CDLBELTHOLD,100
2011-03-11,CDLMARUBOZU,100
2011-03-11,CDLLONGLINE,100
2011-03-14,CDLCLOSINGMARUBOZU,100
2011-03-15,CDLCLOSINGMARUBOZU,-100
2011-03-16,CDLHARAMI,100
2011-03-16,CDLHOMINGPIGEON,100
2011-03-17,CDLLONGLEGGEDDOJI,100
2011-03-17,CDLSPINNINGTOP,-100
2011-03-17,CDLRICKSHAWMAN,100
2011-03-17,CDLHIGHWAVE,-100
2011-03-17,CDLDOJI,100
2011-03-21,CDLSPINNINGTOP,100
2011-03-22,CDLLONGLINE,100
2011-03-22,CDLCLOSINGMARUBOZU,100
2011-03-23,CDLHANGINGMAN,-100
2011-03-24,CDLSPINNINGTOP,100
2011-03-25,CDLLONGLINE,100
2011-03-25,CDLCLOSINGMARUBOZU,100
2011-03-28,CDLDOJI,100
2011-03-28,CDLHIGHWAVE,100
2011-03-28,CDLSPINNINGTOP,100
2011-03-28,CDLRICKSHAWMAN,100
2011-03-28,CDLLONGLEGGEDDOJI,100
2011-03-29,CDLBELTHOLD,100
2011-03-30,CDLSPINNINGTOP,100
2011-03-31,CDLDOJI,100
2011-03-31,CDLSHORTLINE,100
2011-04-01,CDLDOJI,100
2011-04-01,CDLGAPSIDESIDEWHITE,-100
2011-04-01,CDLSHORTLINE,100
2011-04-06,CDLSHORTLINE,100
2011-04-06,CDLDOJI,100
2011-04-07,CDLDOJI,100
2011-04-07,CDLSHORTLINE,100
2011-04-08,CDLDOJI,100
2011-04-08,CDLSHORTLINE,100
2011-04-11,CDLDOJI,100
2011-04-11,CDLSHORTLINE,100
2011-04-12,CDLDOJI,100
2011-04-12,CDLSHORTLINE,100
2011-04-13,CDLDOJI,100
2011-04-13,CDLSHORTLINE,100
2011-04-14,CDLSHORTLINE,100
2011-04-14,CDLDOJI,100
2011-04-15,CDLMARUBOZU,-100
2011-04-15,CDLCLOSINGMARUBOZU,-100
2011-04-15,CDLBELTHOLD,-100
2011-04-15,CDLLONGLINE,-100
2011-04-18,CDLCLOSINGMARUBOZU,-100
2011-04-20,CDLHARAMI,-100
2011-04-21,CDLHIKKAKE,-100
2011-04-25,CDLLONGLINE,-100
2011-04-25,CDLHIKKAKE,-200
2011-04-25,CDLBELTHOLD,-100
2011-04-25,CDLENGULFING,-100
2011-04-25,CDLCLOSINGMARUBOZU,-100
2011-04-25,CDLMARUBOZU,-100
2011-04-26,CDLRICKSHAWMAN,100
2011-04-26,CDLDOJI,100
2011-04-26,CDLSPINNINGTOP,-100
2011-04-26,CDLLONGLEGGEDDOJI,100
2011-04-26,CDLHIGHWAVE,-100
2011-04-26,CDLMATCHINGLOW,100
2011-04-27,CDLCLOSINGMARUBOZU,100
2011-04-28,CDLHARAMI,-100
2011-05-03,CDLDOJI,100
2011-05-03,CDLLONGLEGGEDDOJI,100
2011-05-03,CDLINVERTEDHAMMER,100
2011-05-03,CDLGRAVESTONEDOJI,100
2011-05-04,CDLSHORTLINE,-100
2011-05-05,CDLSHORTLINE,100
2011-05-06,CDLSHORTLINE,-100
2011-05-09,CDLSHORTLINE,100
2011-05-09,CDLDOJI,100
2011-05-11,CDLSHORTLINE,100
2011-05-11,CDLLONGLEGGEDDOJI,100
2011-05-11,CDLINVERTEDHAMMER,100
2011-05-11,CDLGRAVESTONEDOJI,100
2011-05-11,CDLDOJI,100
2011-05-12,CDLBELTHOLD,100
2011-05-13,CDLBELTHOLD,100
2011-05-16,CDLSHORTLINE,100
2011-05-16,CDLLONGLEGGEDDOJI,100
2011-05-16,CDLDOJI,100
2011-05-16,CDLDRAGONFLYDOJI,100
2011-05-16,CDLTAKURI,100
2011-05-16,CDLHARAMICROSS,-100
2011-05-16,CDLHARAMI,-100
2011-05-17,CDLHIKKAKE,-100
2011-05-17,CDLMARUBOZU,100
2011-05-17,CDLLONGLINE,100
2011-05-17,CDLCLOSINGMARUBOZU,100
2011-05-17,CDLBELTHOLD,100
2011-05-18,CDLHIKKAKE,-200
2011-05-18,CDLLONGLINE,-100
2011-05-18,CDLMARUBOZU,-100
2011-05-18,CDLCLOSINGMARUBOZU,-100
2011-05-18,CDLBELTHOLD,-100
2011-05-19,CDLHARAMICROSS,100
2011-05-19,CDLDOJI,100
2011-05-19,CDLSPINNINGTOP,100
2011-05-19,CDLHIGHWAVE,100
2011-05-19,CDLRICKSHAWMAN,100
2011-05-19,CDLHARAMI,100
2011-05-19,CDLLONGLEGGEDDOJI,100
2011-05-23,CDLLONGLEGGEDDOJI,100
2011-05-23,CDLHIKKAKE,100
2011-05-23,CDLDOJI,100
2011-05-23,CDLINVERTEDHAMMER,100
2011-05-23,CDLHIKKAKEMOD,100
2011-05-23,CDLGRAVESTONEDOJI,100
2011-05-24,CDLSHORTLINE,100
2011-05-25,CDLTAKURI,100
2011-05-25,CDLLONGLEGGEDDOJI,100
2011-05-25,CDLDOJI,100
2011-05-25,CDLDRAGONFLYDOJI,100
2011-05-25,CDLHANGINGMAN,-100
2011-05-26,CDLSHORTLINE,-100
2011-05-30,CDLSHORTLINE,100
2011-05-31,CDLLONGLEGGEDDOJI,100
2011-05-31,CDLDOJI,100
2011-05-31,CDLGRAVESTONEDOJI,100
2011-06-01,CDLLONGLEGGEDDOJI,100
2011-06-01,CDLSHOOTINGSTAR,-100
2011-06-01,CDLGRAVESTONEDOJI,100
2011-06-01,CDLDOJI,100
2011-06-02,CDLCLOSINGMARUBOZU,-100
2011-06-03,CDLLONGLINE,-100
2011-06-03,CDLCLOSINGMARUBOZU,-100
2011-06-03,CDLBELTHOLD,-100
2011-06-03,CDLMARUBOZU,-100
2011-06-07,CDLHAMMER,100
2011-06-08,CDLCLOSINGMARUBOZU,-100
2011-06-08,CDLMATCHINGLOW,100
2011-06-10,CDLBELTHOLD,100
2011-06-13,CDLBELTHOLD,-100
2011-06-14,CDLHIKKAKE,-100
2011-06-14,CDLBELTHOLD,100
2011-06-15,CDLGRAVESTONEDOJI,100
2011-06-15,CDLLONGLEGGEDDOJI,100
2011-06-15,CDLDOJI,100
2011-06-16,CDLHIKKAKE,100
2011-06-16,CDLBELTHOLD,-100
2011-06-17,CDLHARAMI,100
2011-06-20,CDLINVERTEDHAMMER,100
2011-06-21,CDLSHORTLINE,-100
2011-06-22,CDLBELTHOLD,100
2011-06-23,CDLSHORTLINE,-100
2011-06-24,CDLLONGLEGGEDDOJI,100
2011-06-24,CDLHIKKAKE,-100
2011-06-24,CDLDOJI,100
2011-06-24,CDLGRAVESTONEDOJI,100
2011-06-27,CDLBELTHOLD,100
2011-06-29,CDLSHORTLINE,100
2011-06-29,CDLDOJI,100
2011-06-30,CDLHIKKAKE,-100
2011-06-30,CDLSHORTLINE,100
2011-07-01,CDLHIKKAKE,-200
2011-07-01,CDLSHORTLINE,100
2011-07-01,CDLDOJI,100
2011-07-05,CDLDOJI,100
2011-07-05,CDLSHORTLINE,100
2011-07-05,CDLGRAVESTONEDOJI,100
2011-07-05,CDLLONGLEGGEDDOJI,100
2011-07-06,CDLLONGLINE,-100
2011-07-06,CDLCLOSINGMARUBOZU,-100
2011-07-07,CDLENGULFING,100
2011-07-07,CDLCLOSINGMARUBOZU,100
2011-07-08,CDL3OUTSIDE,100
2011-07-12,CDLSHORTLINE,-100
2011-07-13,CDLINVERTEDHAMMER,100
2011-07-14,CDLLONGLINE,-100
2011-07-14,CDLCLOSINGMARUBOZU,-100
2011-07-14,CDLMARUBOZU,-100
2011-07-14,CDLBELTHOLD,-100
2011-07-15,CDLCLOSINGMARUBOZU,100
2011-07-18,CDLLONGLINE,-100
2011-07-18,CDLBELTHOLD,-100
2011-07-20,CDLCLOSINGMARUBOZU,100
2011-07-21,CDLSHORTLINE,-100
2011-07-22,CDLLONGLINE,100
2011-07-22,CDLMARUBOZU,100
2011-07-22,CDLBELTHOLD,100
2011-07-22,CDLCLOSINGMARUBOZU,100
2011-07-25,CDLHARAMI,-100
2011-07-25,CDLSHORTLINE,-100
2011-07-26,CDLDOJI,100
2011-07-26,CDLHIKKAKE,-100
2011-07-26,CDLLONGLEGGEDDOJI,100
2011-07-26,CDLGRAVESTONEDOJI,100
2011-07-27,CDLINVERTEDHAMMER,100
2011-07-27,CDLDOJI,100
2011-07-27,CDLSHORTLINE,100
2011-07-27,CDLLONGLEGGEDDOJI,100
2011-07-27,CDLGRAVESTONEDOJI,100
2011-07-28,CDLSHORTLINE,-100
2011-07-29,CDLHAMMER,100
2011-07-29,CDLLONGLEGGEDDOJI,100
2011-07-29,CDLDOJI,100
2011-07-29,CDLTAKURI,100
2011-07-29,CDLDRAGONFLYDOJI,100
2011-08-01,CDLSHORTLINE,100
2011-08-02,CDLBELTHOLD,100
2011-08-03,CDLMARUBOZU,100
2011-08-03,CDLLONGLINE,100
2011-08-03,CDLCLOSINGMARUBOZU,100
2011-08-03,CDLBELTHOLD,100
2011-08-04,CDLSHORTLINE,100
2011-08-04,CDLHIKKAKE,-100
2011-08-04,CDLSTALLEDPATTERN,-100
2011-08-05,CDLBELTHOLD,100
2011-08-08,CDLHIKKAKE,-200
2011-08-08,CDLSHORTLINE,-100
2011-08-09,CDLENGULFING,100
2011-08-09,CDLCLOSINGMARUBOZU,100
2011-08-09,CDLLONGLINE,100
2011-08-09,CDLMARUBOZU,100
2011-08-09,CDLBELTHOLD,100
2011-08-10,CDL3OUTSIDE,100
2011-08-10,CDLHANGINGMAN,-100
2011-08-11,CDLSHORTLINE,-100
2011-08-12,CDLHIKKAKE,100
2011-08-12,CDLSHORTLINE,-100
2011-08-15,CDLSHORTLINE,100
2011-08-15,CDLDOJI,100
2011-08-16,CDLCLOSINGMARUBOZU,100
2011-08-16,CDLLONGLINE,100
2011-08-16,CDLHIKKAKE,200
2011-08-16,CDLBELTHOLD,100
2011-08-16,CDLMARUBOZU,100
2011-08-17,CDLHARAMI,-100
2011-08-18,CDLHAMMER,100
2011-08-19,CDLSHORTLINE,100
2011-08-22,CDLCLOSINGMARUBOZU,100
2011-08-23,CDLSHORTLINE,100
2011-08-25,CDLBELTHOLD,100
2011-08-25,CDLLONGLINE,100
2011-08-25,CDLCLOSINGMARUBOZU,100
2011-08-25,CDLMARUBOZU,100
2011-08-26,CDLHARAMI,-100
2011-08-26,CDLSPINNINGTOP,100
2011-08-30,CDLBELTHOLD,-100
2011-08-31,CDLINVERTEDHAMMER,100
2011-09-01,CDLLONGLEGGEDDOJI,100
2011-09-01,CDLDRAGONFLYDOJI,100
2011-09-01,CDLTAKURI,100
2011-09-01,CDLHANGINGMAN,-100
2011-09-01,CDLDOJI,100
2011-09-02,CDLBELTHOLD,-100
2011-09-05,CDLDOJISTAR,100
2011-09-05,CDLDOJI,100
2011-09-05,CDLSHORTLINE,100
2011-09-06,CDLBELTHOLD,-100
2011-09-06,CDLCLOSINGMARUBOZU,-100
2011-09-06,CDLLONGLINE,-100
2011-09-06,CDLMARUBOZU,-100
2011-09-06,CDLSEPARATINGLINES,-100
2011-09-07,CDLBELTHOLD,100
2011-09-07,CDLLONGLINE,100
2011-09-07,CDLCLOSINGMARUBOZU,100
2011-09-07,CDLMARUBOZU,100
2011-09-08,CDLDOJI,100
2011-09-08,CDLLONGLEGGEDDOJI,100
2011-09-08,CDLHARAMI,-100
2011-09-08,CDLHARAMICROSS,-100
2011-09-08,CDLSHORTLINE,100
2011-09-09,CDLSHORTLINE,100
2011-09-09,CDLDOJI,100
2011-09-13,CDLSHORTLINE,100
2011-09-13,CDLDOJI,100
2011-09-14,CDLSHORTLINE,-100
2011-09-15,CDLLONGLEGGEDDOJI,100
2011-09-15,CDLDRAGONFLYDOJI,100
2011-09-15,CDLTAKURI,100
2011-09-15,CDLSHORTLINE,100
2011-09-15,CDLDOJI,100
2011-09-19,CDLSHORTLINE,-100
2011-09-20,CDLHANGINGMAN,-100
2011-09-20,CDLTAKURI,100
2011-09-20,CDLDRAGONFLYDOJI,100
2011-09-20,CDLDOJI,100
2011-09-20,CDLLONGLEGGEDDOJI,100
2011-09-22,CDLBELTHOLD,100
2011-09-23,CDLSHORTLINE,100
2011-09-26,CDLCLOSINGMARUBOZU,100
2011-09-26,CDLMARUBOZU,100
2011-09-26,CDLLONGLINE,100
2011-09-26,CDLBELTHOLD,100
2011-09-27,CDLBELTHOLD,-100
2011-09-27,CDLCLOSINGMARUBOZU,-100
2011-09-27,CDLMARUBOZU,-100
2011-09-27,CDLLONGLINE,-100
2011-09-28,CDLBELTHOLD,100
2011-09-28,CDLLONGLINE,100
2011-09-28,CDLCLOSINGMARUBOZU,100
2011-09-28,CDLMARUBOZU,100
2011-09-29,CDLDOJI,100
2011-09-29,CDLSHORTLINE,100
2011-09-29,CDLDOJISTAR,-100
2011-09-30,CDLDOJI,100
2011-09-30,CDLSHORTLINE,100
2011-09-30,CDLGAPSIDESIDEWHITE,100
2011-10-03,CDLSHORTLINE,-100
2011-10-04,CDLDOJI,100
2011-10-04,CDLSHORTLINE,100
2011-10-05,CDLDOJI,100
2011-10-05,CDLSHORTLINE,100
2011-10-06,CDLCLOSINGMARUBOZU,-100
2011-10-06,CDLBELTHOLD,-100
2011-10-06,CDLLONGLINE,-100
2011-10-06,CDLMARUBOZU,-100
2011-10-07,CDLBELTHOLD,100
2011-10-07,CDLMARUBOZU,100
2011-10-07,CDLCLOSINGMARUBOZU,100
2011-10-11,CDLBELTHOLD,100
2011-10-12,CDLHARAMI,-100
2011-10-12,CDLSHORTLINE,100
2011-10-13,CDLMARUBOZU,100
2011-10-13,CDLCLOSINGMARUBOZU,100
2011-10-13,CDLBELTHOLD,100
2011-10-13,CDLLONGLINE,100
2011-10-13,CDLHIKKAKE,-100
2011-10-14,CDLSHORTLINE,100
2011-10-14,CDLDOJI,100
2011-10-17,CDLSHORTLINE,100
2011-10-17,CDLDOJI,100
2011-10-18,CDLCLOSINGMARUBOZU,100
2011-10-19,CDLLONGLINE,100
2011-10-19,CDLCLOSINGMARUBOZU,100
2011-10-19,CDLMARUBOZU,100
2011-10-19,CDLBELTHOLD,100
2011-10-20,CDLSHORTLINE,100
2011-10-21,CDLBELTHOLD,100
2011-10-21,CDLMARUBOZU,100
2011-10-21,CDLCLOSINGMARUBOZU,100
2011-10-21,CDLLONGLINE,100
2011-10-24,CDLMARUBOZU,100
2011-10-24,CDLCLOSINGMARUBOZU,100
2011-10-24,CDLBELTHOLD,100
2011-10-24,CDLLONGLINE,100
2011-10-25,CDLMARUBOZU,100
2011-10-25,CDLCLOSINGMARUBOZU,100
2011-10-25,CDLBELTHOLD,100
2011-10-25,CDLLONGLINE,100
2011-10-26,CDLSHORTLINE,100
2011-10-27,CDLSHORTLINE,-100
2011-10-28,CDLSHORTLINE,100
2011-10-28,CDLDOJI,100
2011-10-31,CDLDRAGONFLYDOJI,100
2011-10-31,CDLDOJI,100
2011-10-31,CDLHANGINGMAN,-100
2011-10-31,CDLLONGLEGGEDDOJI,100
2011-10-31,CDLTAKURI,100
2011-11-03,CDLBELTHOLD,100
2011-11-04,CDLBELTHOLD,100
2011-11-08,CDLHIGHWAVE,-100
2011-11-08,CDLSPINNINGTOP,-100
2011-11-08,CDLDOJI,100
2011-11-08,CDLLONGLEGGEDDOJI,100
2011-11-08,CDLRICKSHAWMAN,100
2011-11-09,CDLSPINNINGTOP,-100
2011-11-10,CDLBELTHOLD,100
2011-11-11,CDLSHORTLINE,100
2011-11-14,CDLHIKKAKE,-100
2011-11-15,CDLSHORTLINE,-100
2011-11-17,CDLDOJI,100
2011-11-17,CDLLONGLEGGEDDOJI,100
2011-11-17,CDLHIGHWAVE,100
2011-11-17,CDLSPINNINGTOP,100
2011-11-18,CDLSHORTLINE,100
2011-11-21,CDLBELTHOLD,-100
2011-11-21,CDLENGULFING,-100
2011-11-21,CDLMARUBOZU,-100
2011-11-21,CDLLONGLINE,-100
2011-11-21,CDLCLOSINGMARUBOZU,-100
2011-11-22,CDL3OUTSIDE,-100
2011-11-22,CDLBELTHOLD,-100
2011-11-23,CDLHIGHWAVE,-100
2011-11-23,CDLSPINNINGTOP,-100
2011-11-24,CDLDOJI,100
2011-11-24,CDLSHORTLINE,100
2011-11-25,CDLMARUBOZU,100
2011-11-25,CDLBELTHOLD,100
2011-11-25,CDLCLOSINGMARUBOZU,100
2011-11-25,CDLLONGLINE,100
2011-11-29,CDLBELTHOLD,100
2011-11-30,CDLMARUBOZU,100
2011-11-30,CDLCLOSINGMARUBOZU,100
2011-11-30,CDLBELTHOLD,100
2011-11-30,CDLLONGLINE,100
2011-12-01,CDLDOJI,100
2011-12-01,CDLLONGLEGGEDDOJI,100
2011-12-01,CDLGRAVESTONEDOJI,100
2011-12-01,CDLSTALLEDPATTERN,-100
2011-12-01,CDLDOJISTAR,-100
2011-12-01,CDLSHOOTINGSTAR,-100
2011-12-02,CDLSHORTLINE,-100
2011-12-05,CDLBELTHOLD,100
2011-12-05,CDLCLOSINGMARUBOZU,100
2011-12-05,CDLMARUBOZU,100
2011-12-05,CDLENGULFING,100
2011-12-05,CDLLONGLINE,100
2011-12-06,CDLCLOSINGMARUBOZU,100
2011-12-07,CDLBELTHOLD,-100
2011-12-07,CDLLONGLINE,-100
2011-12-07,CDLMARUBOZU,-100
2011-12-07,CDLCLOSINGMARUBOZU,-100
2011-12-08,CDLLONGLINE,-100
2011-12-08,CDLBELTHOLD,-100
2011-12-08,CDLMARUBOZU,-100
2011-12-08,CDLCLOSINGMARUBOZU,-100
2011-12-09,CDLDOJISTAR,100
2011-12-09,CDLSHORTLINE,100
2011-12-09,CDLDOJI,100
2011-12-12,CDLBELTHOLD,100
2011-12-12,CDLLONGLINE,100
2011-12-12,CDLMARUBOZU,100
2011-12-12,CDLMORNINGSTAR,100
2011-12-12,CDLMORNINGDOJISTAR,100
2011-12-12,CDLCLOSINGMARUBOZU,100
2011-12-13,CDLHARAMI,-100
2011-12-14,CDLHIKKAKE,100
2011-12-14,CDLCLOSINGMARUBOZU,100
2011-12-15,CDLHIGHWAVE,100
2011-12-15,CDLHAMMER,100
2011-12-15,CDLRICKSHAWMAN,100
2011-12-15,CDLLONGLEGGEDDOJI,100
2011-12-15,CDLDOJI,100
2011-12-15,CDLTAKURI,100
2011-12-15,CDLSPINNINGTOP,100
2011-12-15,CDLDRAGONFLYDOJI,100
2011-12-16,CDLSHORTLINE,-100
2011-12-19,CDLMARUBOZU,-100
2011-12-19,CDLBELTHOLD,-100
2011-12-19,CDLCLOSINGMARUBOZU,-100
2011-12-19,CDLLONGLINE,-100
2011-12-20,CDLDOJI,100
2011-12-20,CDLSHORTLINE,100
2011-12-20,CDLDOJISTAR,100
2011-12-21,CDLLONGLEGGEDDOJI,100
2011-12-21,CDLSHOOTINGSTAR,-100
2011-12-21,CDLDOJI,100
2011-12-21,CDLGRAVESTONEDOJI,100
2011-12-22,CDLSHORTLINE,100
2011-12-26,CDLSHORTLINE,100
2011-12-26,CDLDOJI,100
2011-12-28,CDLSHORTLINE,100
2011-12-28,CDLDOJI,100
2011-12-29,CDLDOJI,100
2011-12-29,CDLSHORTLINE,100
2011-12-30,CDLSHORTLINE,100
2012-01-02,CDLSHORTLINE,100
2012-01-02,CDLDOJI,100
2012-01-03,CDLSHORTLINE,100
2012-01-03,CDLDOJI,100
2012-01-04,CDLSHORTLINE,100
2012-01-04,CDLDOJI,100
2012-01-05,CDLSHORTLINE,100
2012-01-05,CDLDOJI,100
2012-01-06,CDLBELTHOLD,100
2012-01-06,CDLLONGLINE,100
2012-01-06,CDLCLOSINGMARUBOZU,100
2012-01-06,CDLMARUBOZU,100
2012-01-09,CDLHARAMICROSS,-100
2012-01-09,CDLDOJI,100
2012-01-09,CDLHARAMI,-100
2012-01-09,CDLSHORTLINE,100
2012-01-10,CDLBELTHOLD,100
2012-01-10,CDLLONGLINE,100
2012-01-10,CDLHIKKAKE,-100
2012-01-10,CDLCLOSINGMARUBOZU,100
2012-01-10,CDLMARUBOZU,100
2012-01-11,CDLBELTHOLD,100
2012-01-11,CDLCLOSINGMARUBOZU,100
2012-01-11,CDLMARUBOZU,100
2012-01-12,CDLBELTHOLD,100
2012-01-13,CDLDOJI,100
2012-01-13,CDLSHORTLINE,100
2012-01-16,CDLDOJI,100
2012-01-16,CDLSHORTLINE,100
2012-01-16,CDLHIKKAKE,100
2012-01-17,CDLSHORTLINE,-100
2012-01-18,CDLLONGLINE,-100
2012-01-18,CDLMARUBOZU,-100
2012-01-18,CDLBELTHOLD,-100
2012-01-18,CDLCLOSINGMARUBOZU,-100
2012-01-30,CDLBELTHOLD,100
2012-02-01,CDLCLOSINGMARUBOZU,-100
2012-02-01,CDLLONGLINE,-100
2012-02-01,CDLBELTHOLD,-100
2012-02-01,CDLMARUBOZU,-100
2012-02-02,CDLCLOSINGMARUBOZU,-100
2012-02-02,CDLLONGLINE,-100
2012-02-02,CDLMARUBOZU,-100
2012-02-02,CDLBELTHOLD,-100
2012-02-03,CDLDOJI,100
2012-02-03,CDLSPINNINGTOP,100
2012-02-03,CDLLONGLEGGEDDOJI,100
2012-02-03,CDLHIGHWAVE,100
2012-02-07,CDLLONGLEGGEDDOJI,100
2012-02-07,CDLGRAVESTONEDOJI,100
2012-02-07,CDLDOJI,100
2012-02-08,CDLLONGLEGGEDDOJI,100
2012-02-08,CDLGRAVESTONEDOJI,100
2012-02-08,CDLSHOOTINGSTAR,-100
2012-02-08,CDLDOJI,100
2012-02-09,CDLHANGINGMAN,-100
2012-02-10,CDLBELTHOLD,-100
2012-02-10,CDLCLOSINGMARUBOZU,-100
2012-02-10,CDLMARUBOZU,-100
2012-02-10,CDLENGULFING,-100
2012-02-10,CDLLONGLINE,-100
2012-02-13,CDLHARAMI,100
2012-02-15,CDLSHORTLINE,100
2012-02-16,CDLHIKKAKE,100
2012-02-16,CDLHAMMER,100
2012-02-17,CDLDOJI,100
2012-02-17,CDLHANGINGMAN,-100
2012-02-17,CDLLONGLEGGEDDOJI,100
2012-02-17,CDLTAKURI,100
2012-02-17,CDLDRAGONFLYDOJI,100
2012-02-17,CDLSHORTLINE,100
2012-02-20,CDLSHORTLINE,-100
2012-02-21,CDLLONGLINE,-100
2012-02-21,CDLCLOSINGMARUBOZU,-100
2012-02-22,CDLTHRUSTING,-100
2012-02-24,CDLSHORTLINE,100
2012-02-24,CDLDOJI,100
2012-02-29,CDLLONGLINE,100
2012-02-29,CDLBELTHOLD,100
2012-02-29,CDLMARUBOZU,100
2012-02-29,CDLCLOSINGMARUBOZU,100
2012-03-02,CDLDRAGONFLYDOJI,100
2012-03-02,CDLDOJI,100
2012-03-02,CDLLONGLEGGEDDOJI,100
2012-03-02,CDLTAKURI,100
2012-03-05,CDLMARUBOZU,-100
2012-03-05,CDLENGULFING,-100
2012-03-05,CDLBELTHOLD,-100
2012-03-05,CDLCLOSINGMARUBOZU,-100
2012-03-05,CDLLONGLINE,-100
2012-03-06,CDL3OUTSIDE,-100
2012-03-06,CDLSHORTLINE,-100
2012-03-07,CDLDOJI,100
2012-03-07,CDLLONGLEGGEDDOJI,100
2012-03-07,CDLHAMMER,100
2012-03-07,CDLTAKURI,100
2012-03-07,CDLDRAGONFLYDOJI,100
2012-03-08,CDLMARUBOZU,100
2012-03-08,CDLLONGLINE,100
2012-03-08,CDLBELTHOLD,100
2012-03-08,CDLCLOSINGMARUBOZU,100
2012-03-09,CDLBELTHOLD,100
2012-03-09,CDLCLOSINGMARUBOZU,100
2012-03-09,CDLMARUBOZU,100
2012-03-09,CDLLONGLINE,100
2012-03-12,CDLBELTHOLD,-100
2012-03-12,CDLCLOSINGMARUBOZU,-100
2012-03-12,CDLMARUBOZU,-100
2012-03-12,CDLLONGLINE,-100
2012-03-16,CDLSHORTLINE,-100
2012-03-19,CDLHIKKAKE,100
2012-03-19,CDLSHORTLINE,-100
2012-03-20,CDLSHORTLINE,-100
2012-03-20,CDLIDENTICAL3CROWS,-100
2012-03-21,CDLLONGLEGGEDDOJI,100
2012-03-21,CDLHIGHWAVE,100
2012-03-21,CDLSPINNINGTOP,100
2012-03-21,CDLDOJI,100
2012-03-22,CDLGAPSIDESIDEWHITE,-100
2012-03-22,CDLLONGLEGGEDDOJI,100
2012-03-22,CDLTAKURI,100
2012-03-22,CDLDRAGONFLYDOJI,100
2012-03-22,CDLDOJI,100
2012-03-23,CDLLONGLINE,100
2012-03-23,CDLMARUBOZU,100
2012-03-23,CDLBELTHOLD,100
2012-03-23,CDLCLOSINGMARUBOZU,100
2012-03-26,CDLSHORTLINE,100
2012-03-27,CDLSHORTLINE,100
2012-03-28,CDLSHORTLINE,100
2012-03-28,CDLDOJI,100
2012-03-29,CDLGRAVESTONEDOJI,100
2012-03-29,CDLDOJI,100
2012-03-29,CDLLONGLEGGEDDOJI,100
2012-03-29,CDLINVERTEDHAMMER,100
2012-03-30,CDLCLOSINGMARUBOZU,100
2012-04-02,CDLBELTHOLD,100
2012-04-03,CDLCOUNTERATTACK,-100
2012-04-03,CDLBELTHOLD,-100
2012-04-05,CDLCLOSINGMARUBOZU,100
2012-04-05,CDLMARUBOZU,100
2012-04-05,CDLLONGLINE,100
2012-04-05,CDLBELTHOLD,100
2012-04-06,CDLSHORTLINE,-100
2012-04-06,CDLHAMMER,100
2012-04-09,CDLSHORTLINE,-100
2012-04-11,CDLSHORTLINE,-100
2012-04-12,CDLDOJI,100
2012-04-12,CDLSHORTLINE,100
2012-04-13,CDLSHOOTINGSTAR,-100
2012-04-13,CDLSHORTLINE,100
2012-04-13,CDLLONGLEGGEDDOJI,100
2012-04-13,CDLGRAVESTONEDOJI,100
2012-04-13,CDLDOJI,100
2012-04-16,CDLMARUBOZU,100
2012-04-16,CDLLONGLINE,100
2012-04-16,CDLCLOSINGMARUBOZU,100
2012-04-16,CDLBELTHOLD,100
2012-04-17,CDLDOJI,100
2012-04-17,CDLHARAMI,-100
2012-04-17,CDLHARAMICROSS,-100
2012-04-17,CDLSHORTLINE,100
2012-04-18,CDLINVERTEDHAMMER,100
2012-04-18,CDL3INSIDE,-100
2012-04-18,CDLHIKKAKE,100
2012-04-19,CDLBELTHOLD,100
2012-04-20,CDLLONGLEGGEDDOJI,100
2012-04-20,CDLDOJI,100
2012-04-20,CDLHIGHWAVE,100
2012-04-20,CDLSPINNINGTOP,100
2012-04-23,CDLHANGINGMAN,-100
2012-04-24,CDLCLOSINGMARUBOZU,100
2012-04-24,CDLLONGLINE,100
2012-04-25,CDLBELTHOLD,100
2012-04-25,CDLMARUBOZU,100
2012-04-25,CDLHIKKAKE,-100
2012-04-25,CDLCLOSINGMARUBOZU,100
2012-04-25,CDLLONGLINE,100
2012-04-26,CDLDOJI,100
2012-04-26,CDLSHORTLINE,100
2012-04-27,CDLHAMMER,100
2012-04-27,CDLTAKURI,100
2012-04-27,CDLLONGLEGGEDDOJI,100
2012-04-27,CDLDRAGONFLYDOJI,100
2012-04-27,CDLDOJI,100
2012-04-27,CDLSHORTLINE,100
2012-04-30,CDLLONGLINE,100
2012-04-30,CDLCLOSINGMARUBOZU,100
2012-04-30,CDLBELTHOLD,100
2012-04-30,CDLMARUBOZU,100
2012-05-02,CDLSHORTLINE,-100
2012-05-02,CDLHARAMI,-100
2012-05-03,CDLSHORTLINE,100
2012-05-03,CDLDOJI,100
2012-05-04,CDLLONGLINE,-100
2012-05-04,CDLBELTHOLD,-100
2012-05-04,CDLCLOSINGMARUBOZU,-100
2012-05-04,CDLMARUBOZU,-100
2012-05-07,CDLDOJI,100
2012-05-07,CDLHARAMI,100
2012-05-07,CDLSHORTLINE,100
2012-05-07,CDLHARAMICROSS,100
2012-05-08,CDLSHORTLINE,100
2012-05-08,CDLDOJI,100
2012-05-09,CDLDOJI,100
2012-05-09,CDLSHORTLINE,100
2012-05-10,CDLSHORTLINE,100
2012-05-10,CDLDOJI,100
2012-05-11,CDLDOJI,100
2012-05-11,CDLSHORTLINE,100
2012-05-14,CDLHAMMER,100
2012-05-15,CDLSHORTLINE,100
2012-05-15,CDLDOJI,100
2012-05-16,CDLCLOSINGMARUBOZU,-100
2012-05-16,CDLLONGLINE,-100
2012-05-16,CDLMARUBOZU,-100
2012-05-16,CDLHIKKAKE,100
2012-05-16,CDLBELTHOLD,-100
2012-05-17,CDLCLOSINGMARUBOZU,100
2012-05-17,CDLCOUNTERATTACK,100
2012-05-17,CDLINNECK,-100
2012-05-17,CDLONNECK,-100
2012-05-18,CDLDOJI,100
2012-05-18,CDLSHORTLINE,100
2012-05-18,CDLHARAMICROSS,-100
2012-05-18,CDLHARAMI,-100
2012-05-21,CDLDOJI,100
2012-05-21,CDLSHORTLINE,100
2012-05-22,CDLDOJI,100
2012-05-22,CDLSHORTLINE,100
2012-05-23,CDLSHORTLINE,100
2012-05-23,CDLDOJI,100
2012-05-24,CDLSHORTLINE,100
2012-05-24,CDLDOJI,100
2012-05-25,CDLLONGLINE,-100
2012-05-25,CDLBELTHOLD,-100
2012-05-25,CDLMARUBOZU,-100
2012-05-25,CDLCLOSINGMARUBOZU,-100
2012-05-28,CDLCLOSINGMARUBOZU,-100
2012-05-28,CDLBELTHOLD,-100
2012-05-28,CDLMARUBOZU,-100
2012-05-28,CDLLONGLINE,-100
2012-05-29,CDLBELTHOLD,100
2012-05-29,CDLCLOSINGMARUBOZU,100
2012-05-29,CDLMARUBOZU,100
2012-05-29,CDLSEPARATINGLINES,100
2012-05-29,CDLLONGLINE,100
2012-05-30,CDLSHORTLINE,100
2012-05-30,CDLDOJI,100
2012-05-31,CDLCLOSINGMARUBOZU,100
2012-06-04,CDLLONGLINE,-100
2012-06-04,CDLBELTHOLD,-100
2012-06-04,CDLCLOSINGMARUBOZU,-100
2012-06-04,CDLMARUBOZU,-100
2012-06-05,CDLCLOSINGMARUBOZU,-100
2012-06-05,CDLMARUBOZU,-100
2012-06-05,CDLBELTHOLD,-100
2012-06-05,CDLLONGLINE,-100
2012-06-06,CDLSHORTLINE,100
2012-06-07,CDLSHORTLINE,100
2012-06-08,CDLDOJI,100
2012-06-08,CDLSHORTLINE,100
2012-06-11,CDLLONGLINE,-100
2012-06-11,CDLCLOSINGMARUBOZU,-100
2012-06-11,CDLBELTHOLD,-100
2012-06-11,CDLMARUBOZU,-100
2012-06-12,CDLDOJISTAR,100
2012-06-12,CDLSHORTLINE,100
2012-06-12,CDLDOJI,100
2012-06-13,CDLDOJI,100
2012-06-13,CDLSHORTLINE,100
2012-06-14,CDLSHORTLINE,100
2012-06-14,CDLDOJI,100
2012-06-14,CDLGAPSIDESIDEWHITE,100
2012-06-15,CDLSHORTLINE,100
2012-06-15,CDLDOJI,100
2012-06-18,CDLDOJI,100
2012-06-18,CDLTRISTAR,-100
2012-06-19,CDLHAMMER,100
2012-06-19,CDLDOJI,100
2012-06-19,CDLDRAGONFLYDOJI,100
2012-06-19,CDLLONGLEGGEDDOJI,100
2012-06-19,CDLGAPSIDESIDEWHITE,-100
2012-06-19,CDLHANGINGMAN,-100
2012-06-19,CDLTAKURI,100
2012-06-20,CDLCLOSINGMARUBOZU,-100
2012-06-20,CDLSEPARATINGLINES,-100
2012-06-20,CDLLONGLINE,-100
2012-06-20,CDLMARUBOZU,-100
2012-06-20,CDLBELTHOLD,-100
2012-06-21,CDLLONGLINE,100
2012-06-21,CDLCLOSINGMARUBOZU,100
2012-06-21,CDLBELTHOLD,100
2012-06-21,CDLMARUBOZU,100
2012-06-22,CDLSHORTLINE,-100
2012-06-25,CDLSHORTLINE,100
2012-06-25,CDLDOJI,100
2012-06-26,CDLLONGLINE,100
2012-06-26,CDLMARUBOZU,100
2012-06-26,CDLBELTHOLD,100
2012-06-26,CDLCLOSINGMARUBOZU,100
2012-06-27,CDLSHORTLINE,100
2012-06-27,CDLDOJI,100
2012-06-28,CDLMARUBOZU,100
2012-06-28,CDLCLOSINGMARUBOZU,100
2012-06-28,CDLLONGLINE,100
2012-06-28,CDLBELTHOLD,100
2012-06-29,CDLDOJI,100
2012-06-29,CDLSHORTLINE,100
2012-06-29,CDLDOJISTAR,-100
2012-07-02,CDLDOJI,100
2012-07-02,CDLGAPSIDESIDEWHITE,100
2012-07-02,CDLSHORTLINE,100
2012-07-03,CDLSHORTLINE,-100
2012-07-04,CDLCLOSINGMARUBOZU,-100
2012-07-04,CDLBELTHOLD,-100
2012-07-04,CDLMARUBOZU,-100
2012-07-05,CDLDOJI,100
2012-07-06,CDLCLOSINGMARUBOZU,100
2012-07-06,CDLMARUBOZU,100
2012-07-06,CDLBELTHOLD,100
2012-07-09,CDLBELTHOLD,-100
2012-07-09,CDLSEPARATINGLINES,-100
2012-07-09,CDLCLOSINGMARUBOZU,-100
2012-07-09,CDLMARUBOZU,-100
2012-07-10,CDLDOJI,100
2012-07-10,CDLDOJISTAR,100
2012-07-11,CDLMORNINGDOJISTAR,100
2012-07-11,CDLABANDONEDBABY,100
2012-07-11,CDLMORNINGSTAR,100
2012-07-11,CDLBELTHOLD,100
2012-07-11,CDLMARUBOZU,100
2012-07-11,CDLCLOSINGMARUBOZU,100
2012-07-12,CDLHARAMICROSS,-100
2012-07-12,CDLDOJI,100
2012-07-12,CDLHARAMI,-100
2012-07-13,CDLDOJI,100
2012-07-16,CDLDOJI,100
2012-07-17,CDLMARUBOZU,-100
2012-07-17,CDLCLOSINGMARUBOZU,-100
2012-07-17,CDLBELTHOLD,-100
2012-07-18,CDLCLOSINGMARUBOZU,100
2012-07-18,CDLMARUBOZU,100
2012-07-18,CDLBELTHOLD,100
2012-07-20,CDLDOJI,100
2012-07-20,CDLLONGLEGGEDDOJI,100
2012-07-20,CDLGRAVESTONEDOJI,100
2012-07-23,CDLDOJI,100
2012-07-23,CDLSHORTLINE,100
2012-07-24,CDLSHORTLINE,100
2012-07-24,CDLDOJI,100
2012-07-25,CDLCLOSINGMARUBOZU,-100
2012-07-25,CDLBELTHOLD,-100
2012-07-25,CDLMARUBOZU,-100
2012-07-25,CDLLONGLINE,-100
2012-07-26,CDLLONGLINE,-100
2012-07-26,CDLMATCHINGLOW,100
2012-07-26,CDLBELTHOLD,-100
2012-07-26,CDLMARUBOZU,-100
2012-07-26,CDLCLOSINGMARUBOZU,-100
2012-07-27,CDLDOJI,100
2012-07-27,CDLSHORTLINE,100
2012-07-30,CDLDOJI,100
2012-07-30,CDLSHORTLINE,100
2012-07-31,CDLCLOSINGMARUBOZU,100
2012-08-01,CDLBELTHOLD,-100
2012-08-02,CDLDOJI,100
2012-08-02,CDLSHORTLINE,100
2012-08-03,CDLHIKKAKE,100
2012-08-03,CDLMARUBOZU,100
2012-08-03,CDLCLOSINGMARUBOZU,100
2012-08-03,CDLLONGLINE,100
2012-08-03,CDLBELTHOLD,100
2012-08-06,CDLDOJI,100
2012-08-06,CDLSHORTLINE,100
2012-08-07,CDLDOJI,100
2012-08-07,CDLLONGLEGGEDDOJI,100
2012-08-07,CDLGRAVESTONEDOJI,100
2012-08-08,CDLSHORTLINE,100
2012-08-08,CDLHIKKAKE,200
2012-08-09,CDLDOJI,100
2012-08-09,CDLSHORTLINE,100
2012-08-10,CDLDOJI,100
2012-08-10,CDLSHORTLINE,100
2012-08-13,CDLBELTHOLD,-100
2012-08-14,CDLLONGLINE,-100
2012-08-14,CDLMARUBOZU,-100
2012-08-14,CDLCLOSINGMARUBOZU,-100
2012-08-14,CDLBELTHOLD,-100
2012-08-14,CDLMATCHINGLOW,100
2012-08-15,CDLBELTHOLD,100
2012-08-15,CDLENGULFING,100
2012-08-16,CDLHARAMICROSS,-100
2012-08-16,CDLHARAMI,-100
2012-08-16,CDLSHORTLINE,100
2012-08-16,CDLDOJI,100
2012-08-17,CDLHIKKAKE,-100
2012-08-17,CDLSHORTLINE,100
2012-08-20,CDLBELTHOLD,100
2012-08-20,CDLMARUBOZU,100
2012-08-20,CDLLONGLINE,100
2012-08-20,CDLCLOSINGMARUBOZU,100
2012-08-21,CDLSHORTLINE,100
2012-08-22,CDLSHORTLINE,100
2012-08-22,CDLDOJI,100
2012-08-23,CDLDOJI,100
2012-08-23,CDLSHORTLINE,100
2012-08-24,CDLSHORTLINE,100
2012-08-24,CDLDOJI,100
2012-08-28,CDLMARUBOZU,100
2012-08-28,CDLCLOSINGMARUBOZU,100
2012-08-28,CDLBELTHOLD,100
2012-08-28,CDLLONGLINE,100
2012-08-29,CDLHIGHWAVE,100
2012-08-29,CDLSTALLEDPATTERN,-100
2012-08-29,CDLSPINNINGTOP,100
2012-08-29,CDLHIKKAKE,-100
2012-08-30,CDLBELTHOLD,-100
2012-08-30,CDLLONGLINE,-100
2012-08-31,CDLSHORTLINE,100
2012-08-31,CDLHARAMI,100
2012-09-03,CDLBELTHOLD,-100
2012-09-03,CDLHIKKAKE,-100
2012-09-04,CDLMARUBOZU,100
2012-09-04,CDLCLOSINGMARUBOZU,100
2012-09-04,CDLLONGLINE,100
2012-09-04,CDLBELTHOLD,100
2012-09-05,CDLCLOSINGMARUBOZU,-100
2012-09-05,CDLCOUNTERATTACK,-100
2012-09-06,CDLBELTHOLD,100
2012-09-07,CDLDOJISTAR,-100
2012-09-07,CDLLONGLEGGEDDOJI,100
2012-09-07,CDLGRAVESTONEDOJI,100
2012-09-07,CDLSHORTLINE,100
2012-09-07,CDLSHOOTINGSTAR,-100
2012-09-07,CDLDOJI,100
2012-09-10,CDLBELTHOLD,100
2012-09-10,CDLMARUBOZU,100
2012-09-10,CDLLONGLINE,100
2012-09-10,CDLCLOSINGMARUBOZU,100
2012-09-11,CDLSHORTLINE,100
2012-09-11,CDLDOJI,100
2012-09-12,CDLHIGHWAVE,100
2012-09-12,CDLLONGLEGGEDDOJI,100
2012-09-12,CDLRICKSHAWMAN,100
2012-09-12,CDLSPINNINGTOP,100
2012-09-12,CDLDOJI,100
2012-09-13,CDLGRAVESTONEDOJI,100
2012-09-13,CDLGAPSIDESIDEWHITE,100
2012-09-13,CDLLONGLEGGEDDOJI,100
2012-09-13,CDLDOJI,100
2012-09-17,CDLDOJI,100
2012-09-17,CDLSPINNINGTOP,100
2012-09-17,CDLHIGHWAVE,100
2012-09-17,CDLRICKSHAWMAN,100
2012-09-17,CDLLONGLEGGEDDOJI,100
2012-09-18,CDLSHOOTINGSTAR,-100
2012-09-19,CDLBELTHOLD,100
2012-09-21,CDLMARUBOZU,100
2012-09-21,CDLCLOSINGMARUBOZU,100
2012-09-21,CDLBELTHOLD,100
2012-09-21,CDLLONGLINE,100
2012-09-24,CDLLONGLINE,100
2012-09-24,CDLCLOSINGMARUBOZU,100
2012-10-01,CDLGRAVESTONEDOJI,100
2012-10-01,CDLDOJI,100
2012-10-01,CDLLONGLEGGEDDOJI,100
2012-10-02,CDLHAMMER,100
2012-10-04,CDLSHORTLINE,100
2012-10-05,CDLSHORTLINE,-100
2012-10-08,CDLBELTHOLD,100
2012-10-08,CDLMARUBOZU,100
2012-10-08,CDLCLOSINGMARUBOZU,100
2012-10-08,CDLLONGLINE,100
2012-10-09,CDLLONGLINE,100
2012-10-09,CDLMARUBOZU,100
2012-10-09,CDLCLOSINGMARUBOZU,100
2012-10-09,CDLBELTHOLD,100
2012-10-11,CDLSHORTLINE,100
2012-10-11,CDLDOJISTAR,-100
2012-10-11,CDLSTALLEDPATTERN,-100
2012-10-11,CDLDOJI,100
2012-10-12,CDLLONGLINE,-100
2012-10-12,CDLBELTHOLD,-100
2012-10-15,CDLCLOSINGMARUBOZU,100
2012-10-16,CDLMARUBOZU,100
2012-10-16,CDLBELTHOLD,100
2012-10-16,CDLCLOSINGMARUBOZU,100
2012-10-16,CDLLONGLINE,100
2012-10-17,CDLCLOSINGMARUBOZU,-100
2012-10-17,CDLDARKCLOUDCOVER,-100
2012-10-19,CDLDOJI,100
2012-10-19,CDLLONGLEGGEDDOJI,100
2012-10-19,CDLSPINNINGTOP,100
2012-10-19,CDLRICKSHAWMAN,100
2012-10-19,CDLHIGHWAVE,100
2012-10-23,CDLSHORTLINE,-100
2012-10-24,CDLSHORTLINE,-100
2012-10-25,CDLLONGLINE,-100
2012-10-25,CDLCLOSINGMARUBOZU,-100
2012-10-26,CDLCLOSINGMARUBOZU,-100
2012-10-26,CDLLONGLINE,-100
2012-10-26,CDLMARUBOZU,-100
2012-10-26,CDLBELTHOLD,-100
2012-10-29,CDLTHRUSTING,-100
2012-10-30,CDLLONGLEGGEDDOJI,100
2012-10-30,CDLGRAVESTONEDOJI,100
2012-10-30,CDLDOJI,100
2012-11-01,CDLBELTHOLD,-100
2012-11-01,CDLLONGLINE,-100
2012-11-02,CDLBELTHOLD,100
2012-11-05,CDLSPINNINGTOP,-100
2012-11-05,CDLRICKSHAWMAN,100
2012-11-05,CDLDOJI,100
2012-11-05,CDLHIGHWAVE,-100
2012-11-05,CDLLONGLEGGEDDOJI,100
2012-11-06,CDLSHORTLINE,-100
2012-11-07,CDLHIKKAKE,-100
2012-11-08,CDLRICKSHAWMAN,100
2012-11-08,CDLDOJI,100
2012-11-08,CDLHIGHWAVE,100
2012-11-08,CDLSPINNINGTOP,100
2012-11-08,CDLLONGLEGGEDDOJI,100
2012-11-08,CDLSHORTLINE,100
2012-11-09,CDLHIKKAKE,100
2012-11-09,CDLLONGLINE,-100
2012-11-09,CDLMARUBOZU,-100
2012-11-09,CDLCLOSINGMARUBOZU,-100
2012-11-09,CDLBELTHOLD,-100
2012-11-14,CDLRICKSHAWMAN,100
2012-11-14,CDLDOJI,100
2012-11-14,CDLGRAVESTONEDOJI,100
2012-11-14,CDLLONGLEGGEDDOJI,100
2012-11-14,CDLSPINNINGTOP,-100
2012-11-15,CDLHIKKAKE,-100
2012-11-16,CDLSPINNINGTOP,100
2012-11-16,CDLHIGHWAVE,100
2012-11-19,CDLSHOOTINGSTAR,-100
2012-11-20,CDLBELTHOLD,100
2012-11-20,CDLHIKKAKE,-100
2012-11-21,CDLLONGLINE,100
2012-11-21,CDLCLOSINGMARUBOZU,100
2012-11-21,CDLBELTHOLD,100
2012-11-21,CDLMARUBOZU,100
2012-11-22,CDLBELTHOLD,-100
2012-11-26,CDLGRAVESTONEDOJI,100
2012-11-26,CDLDOJI,100
2012-11-26,CDLLONGLEGGEDDOJI,100
2012-11-27,CDLLONGLINE,100
2012-11-27,CDLBELTHOLD,100
2012-11-27,CDLHIKKAKE,-100
2012-11-28,CDLSHORTLINE,-100
2012-11-29,CDLSHORTLINE,-100
2012-11-29,CDLMATCHINGLOW,100
2012-11-30,CDLHIKKAKEMOD,100
2012-11-30,CDLHIKKAKE,100
2012-11-30,CDLSHORTLINE,-100
2012-12-04,CDLTAKURI,100
2012-12-04,CDLDRAGONFLYDOJI,100
2012-12-04,CDLDOJI,100
2012-12-04,CDLLONGLEGGEDDOJI,100
2012-12-05,CDLHIKKAKE,200
2012-12-05,CDLCLOSINGMARUBOZU,100
2012-12-05,CDLBELTHOLD,100
2012-12-05,CDLHIKKAKEMOD,200
2012-12-05,CDLLONGLINE,100
2012-12-05,CDLMARUBOZU,100
2012-12-06,CDLBELTHOLD,-100
2012-12-10,CDLHIKKAKE,100
2012-12-10,CDLSHORTLINE,-100
2012-12-11,CDLENGULFING,100
2012-12-11,CDLHIKKAKE,200
2012-12-12,CDLHARAMI,-100
2012-12-12,CDLSHORTLINE,-100
2012-12-13,CDLHIKKAKE,100
2012-12-13,CDLSHORTLINE,100
2012-12-14,CDLSHORTLINE,100
2012-12-17,CDLDOJI,100
2012-12-17,CDLSHORTLINE,-100
2012-12-18,CDLSHORTLINE,-100
2012-12-19,CDLSHORTLINE,-100
2012-12-21,CDLSHORTLINE,-100
2012-12-24,CDLHIKKAKE,-100
2012-12-24,CDLMARUBOZU,-100
2012-12-24,CDLCLOSINGMARUBOZU,-100
2012-12-24,CDLLONGLINE,-100
2012-12-24,CDLBELTHOLD,-100
2012-12-25,CDLBELTHOLD,100
2012-12-25,CDLPIERCING,100
2012-12-26,CDLGRAVESTONEDOJI,100
2012-12-26,CDLLONGLEGGEDDOJI,100
2012-12-26,CDLSHORTLINE,100
2012-12-26,CDLDOJI,100
2012-12-26,CDLHARAMI,-100
2012-12-26,CDLHARAMICROSS,-100
2012-12-27,CDLINVERTEDHAMMER,100
2012-12-28,CDLSHORTLINE,-100
2013-01-02,CDLLONGLINE,100
2013-01-02,CDLCLOSINGMARUBOZU,100
2013-01-02,CDLMARUBOZU,100
2013-01-02,CDLHIKKAKE,-100
2013-01-02,CDLBELTHOLD,100
2013-01-03,CDLSHORTLINE,-100
2013-01-04,CDLBELTHOLD,-100
2013-01-07,CDLPIERCING,100
2013-01-07,CDLBELTHOLD,100
2013-01-07,CDLCLOSINGMARUBOZU,100
2013-01-07,CDLMARUBOZU,100
2013-01-07,CDLLONGLINE,100
2013-01-08,CDLDOJI,100
2013-01-08,CDLSHORTLINE,100
2013-01-10,CDLCLOSINGMARUBOZU,-100
2013-01-11,CDLBELTHOLD,100
2013-01-14,CDLDOJISTAR,-100
2013-01-14,CDLDOJI,100
2013-01-14,CDLLONGLEGGEDDOJI,100
2013-01-14,CDLSPINNINGTOP,-100
2013-01-14,CDLHIGHWAVE,-100
2013-01-14,CDLRICKSHAWMAN,100
2013-01-15,CDLHIKKAKE,100
2013-01-16,CDLBELTHOLD,100
2013-01-17,CDLHIKKAKE,200
2013-01-17,CDLBELTHOLD,-100
2013-01-18,CDLSHORTLINE,100
2013-01-21,CDLDOJI,100
2013-01-21,CDLSHORTLINE,100
2013-01-21,CDLHIKKAKE,100
2013-01-22,CDLCLOSINGMARUBOZU,-100
2013-01-22,CDLBELTHOLD,-100
2013-01-22,CDLENGULFING,-100
2013-01-22,CDLLONGLINE,-100
2013-01-22,CDLMARUBOZU,-100
2013-01-23,CDLDOJI,100
2013-01-23,CDLSHORTLINE,100
2013-01-24,CDLHIGHWAVE,100
2013-01-24,CDLSPINNINGTOP,100
2013-01-24,CDLDOJI,100
2013-01-24,CDLLONGLEGGEDDOJI,100
2013-01-25,CDLLONGLEGGEDDOJI,100
2013-01-25,CDLINVERTEDHAMMER,100
2013-01-25,CDLGRAVESTONEDOJI,100
2013-01-25,CDLDOJI,100
2013-01-28,CDLGAPSIDESIDEWHITE,-100
2013-01-28,CDLDOJI,100
2013-01-28,CDLSHORTLINE,100
2013-01-29,CDLSHORTLINE,100
2013-01-31,CDLSHORTLINE,100
2013-01-31,CDLDOJI,100
2013-02-01,CDLHIKKAKE,100
2013-02-01,CDLBELTHOLD,100
2013-02-04,CDLLONGLINE,100
2013-02-04,CDLBELTHOLD,100
2013-02-04,CDLHIKKAKE,200
2013-02-05,CDLBELTHOLD,-100
2013-02-06,CDLINVERTEDHAMMER,100
2013-02-18,CDLSHORTLINE,100
2013-02-20,CDLSHORTLINE,100
2013-02-20,CDLDOJI,100
2013-02-22,CDLCLOSINGMARUBOZU,100
2013-02-25,CDLLONGLEGGEDDOJI,100
2013-02-25,CDLINVERTEDHAMMER,100
2013-02-25,CDLGRAVESTONEDOJI,100
2013-02-25,CDLDOJI,100
2013-02-26,CDLLONGLINE,100
2013-02-26,CDLCLOSINGMARUBOZU,100
2013-02-26,CDLBELTHOLD,100
2013-02-26,CDLMARUBOZU,100
2013-02-27,CDLMARUBOZU,100
2013-02-27,CDLLONGLINE,100
2013-02-27,CDLCLOSINGMARUBOZU,100
2013-02-27,CDLBELTHOLD,100
2013-03-01,CDLSHORTLINE,100
2013-03-01,CDLHARAMI,-100
2013-03-04,CDL3INSIDE,-100
2013-03-04,CDLENGULFING,-100
2013-03-04,CDLSHORTLINE,-100
2013-03-05,CDLDOJI,100
2013-03-05,CDLLONGLEGGEDDOJI,100
2013-03-05,CDLGRAVESTONEDOJI,100
2013-03-06,CDLENGULFING,-100
2013-03-06,CDLBELTHOLD,-100
2013-03-06,CDLCLOSINGMARUBOZU,-100
2013-03-06,CDLMARUBOZU,-100
2013-03-06,CDLLONGLINE,-100
2013-03-07,CDLSHORTLINE,100
2013-03-07,CDLDOJI,100
2013-03-07,CDLLONGLEGGEDDOJI,100
2013-03-07,CDLHARAMICROSS,100
2013-03-07,CDLHARAMI,100
2013-03-08,CDLSHORTLINE,100
2013-03-08,CDLDOJI,100
2013-03-11,CDLCLOSINGMARUBOZU,100
2013-03-12,CDLSHORTLINE,100
2013-03-13,CDLCLOSINGMARUBOZU,-100
2013-03-13,CDLBELTHOLD,-100
2013-03-13,CDLMARUBOZU,-100
2013-03-13,CDLENGULFING,-100
2013-03-13,CDLLONGLINE,-100
2013-03-14,CDLDOJI,100
2013-03-14,CDLSHORTLINE,100
2013-03-18,CDLBELTHOLD,-100
2013-03-19,CDLCOUNTERATTACK,100
2013-03-19,CDLCLOSINGMARUBOZU,100
2013-03-19,CDLMARUBOZU,100
2013-03-19,CDLLONGLINE,100
2013-03-19,CDLBELTHOLD,100
2013-03-19,CDLINNECK,-100
2013-03-20,CDLSHORTLINE,100
2013-03-20,CDLDOJI,100
2013-03-21,CDLDOJI,100
2013-03-21,CDLSHORTLINE,100
2013-03-26,CDLLONGLINE,100
2013-03-26,CDLCLOSINGMARUBOZU,100
2013-03-26,CDLBELTHOLD,100
2013-03-26,CDLMARUBOZU,100
2013-03-27,CDLHANGINGMAN,-100
2013-03-27,CDLLONGLEGGEDDOJI,100
2013-03-27,CDLDOJISTAR,-100
2013-03-27,CDLDRAGONFLYDOJI,100
2013-03-27,CDLTAKURI,100
2013-03-27,CDLDOJI,100
2013-03-28,CDLCLOSINGMARUBOZU,-100
2013-03-28,CDLMARUBOZU,-100
2013-03-28,CDLLONGLINE,-100
2013-03-28,CDLEVENINGDOJISTAR,-100
2013-03-28,CDLBELTHOLD,-100
2013-03-28,CDLEVENINGSTAR,-100
2013-03-29,CDLDOJI,100
2013-03-29,CDLHARAMICROSS,100
2013-03-29,CDLSHORTLINE,100
2013-03-29,CDLHARAMI,100
2013-04-01,CDLHIKKAKE,100
2013-04-01,CDLSHORTLINE,100
2013-04-02,CDLCLOSINGMARUBOZU,-100
2013-04-02,CDLLONGLINE,-100
2013-04-02,CDLENGULFING,-100
2013-04-02,CDLBELTHOLD,-100
2013-04-02,CDLMARUBOZU,-100
2013-04-03,CDLHANGINGMAN,-100
2013-04-08,CDLBELTHOLD,-100
2013-04-09,CDLSHORTLINE,100
2013-04-09,CDLDOJI,100
2013-04-10,CDLSHORTLINE,-100
2013-04-11,CDLHANGINGMAN,-100
2013-04-16,CDLENGULFING,100
2013-04-16,CDLBELTHOLD,100
2013-04-16,CDLMARUBOZU,100
2013-04-16,CDLCLOSINGMARUBOZU,100
2013-04-16,CDLLONGLINE,100
2013-04-17,CDLCOUNTERATTACK,-100
2013-04-17,CDLBELTHOLD,-100
2013-04-18,CDLHARAMI,100
2013-04-19,CDLLONGLINE,100
2013-04-19,CDLBELTHOLD,100
2013-04-19,CDLCLOSINGMARUBOZU,100
2013-04-19,CDL3INSIDE,100
2013-04-19,CDLHIKKAKE,-100
2013-04-19,CDLMARUBOZU,100
2013-04-22,CDLBELTHOLD,100
2013-04-23,CDLMARUBOZU,-100
2013-04-23,CDLLONGLINE,-100
2013-04-23,CDLCLOSINGMARUBOZU,-100
2013-04-23,CDLBELTHOLD,-100
2013-04-24,CDLLONGLINE,100
2013-04-24,CDLCLOSINGMARUBOZU,100
2013-04-24,CDLBELTHOLD,100
2013-04-24,CDLMARUBOZU,100
2013-04-25,CDLSHORTLINE,100
2013-04-25,CDLHARAMI,-100
2013-04-26,CDLHIKKAKE,-100
2013-04-26,CDLDOJI,100
2013-04-26,CDLSHORTLINE,100
2013-04-29,CDLBELTHOLD,100
2013-04-30,CDLRICKSHAWMAN,100
2013-04-30,CDLDOJI,100
2013-04-30,CDLSPINNINGTOP,100
2013-04-30,CDLLONGLEGGEDDOJI,100
2013-05-03,CDLDOJI,100
2013-05-03,CDLSHORTLINE,100
2013-05-06,CDLLONGLEGGEDDOJI,100
2013-05-06,CDLHIGHWAVE,100
2013-05-06,CDLDOJI,100
2013-05-06,CDLSPINNINGTOP,100
2013-05-07,CDLSHORTLINE,100
2013-05-07,CDLDOJI,100
2013-05-07,CDLGAPSIDESIDEWHITE,100
2013-05-08,CDLHIKKAKE,100
2013-05-09,CDLLONGLINE,100
2013-05-09,CDLBELTHOLD,100
2013-05-13,CDLDOJI,100
2013-05-13,CDLSHORTLINE,100
2013-05-14,CDLHIKKAKE,-100
2013-05-14,CDLDOJI,100
2013-05-14,CDLSHORTLINE,100
2013-05-15,CDLCLOSINGMARUBOZU,100
2013-05-16,CDLLONGLINE,-100
2013-05-16,CDLHIKKAKE,-200
2013-05-16,CDLBELTHOLD,-100
2013-05-21,CDLBELTHOLD,100
2013-05-22,CDLDOJI,100
2013-05-22,CDLSHORTLINE,100
2013-05-23,CDLBELTHOLD,100
2013-05-23,CDLCLOSINGMARUBOZU,100
2013-05-23,CDLLONGLINE,100
2013-05-23,CDLMARUBOZU,100
2013-05-24,CDLBELTHOLD,-100
2013-05-24,CDLMARUBOZU,-100
2013-05-24,CDLLONGLINE,-100
2013-05-24,CDLCLOSINGMARUBOZU,-100
2013-05-27,CDLONNECK,-100
2013-05-27,CDLSHORTLINE,100
2013-05-27,CDLINNECK,-100
2013-05-27,CDLHIKKAKE,100
2013-05-28,CDLLONGLINE,100
2013-05-28,CDLBELTHOLD,100
2013-05-29,CDLHIGHWAVE,-100
2013-05-29,CDLSPINNINGTOP,-100
2013-05-30,CDLBELTHOLD,-100
2013-05-30,CDLLONGLINE,-100
2013-05-30,CDLCLOSINGMARUBOZU,-100
2013-05-30,CDLMARUBOZU,-100
2013-05-31,CDLCLOSINGMARUBOZU,100
2013-05-31,CDLMARUBOZU,100
2013-05-31,CDLLONGLINE,100
2013-05-31,CDLBELTHOLD,100
2013-06-03,CDLSHORTLINE,100
2013-06-03,CDLDOJI,100
2013-06-04,CDLCLOSINGMARUBOZU,100
2013-06-04,CDLLONGLINE,100
2013-06-04,CDLMARUBOZU,100
2013-06-04,CDLBELTHOLD,100
2013-06-05,CDLHARAMI,-100
2013-06-06,CDLDOJI,100
2013-06-06,CDLSHORTLINE,100
2013-06-07,CDLSPINNINGTOP,100
2013-06-10,CDLCLOSINGMARUBOZU,100
2013-06-10,CDLLONGLINE,100
2013-06-10,CDLMARUBOZU,100
2013-06-10,CDLBELTHOLD,100
2013-06-11,CDLDOJI,100
2013-06-11,CDLSHORTLINE,100
2013-06-11,CDLDOJISTAR,-100
2013-06-13,CDLENGULFING,-100
2013-06-13,CDLBELTHOLD,-100
2013-06-14,CDLBELTHOLD,100
2013-06-14,CDLONNECK,-100
2013-06-14,CDL3OUTSIDE,-100
2013-06-17,CDLLONGLINE,100
2013-06-17,CDLCLOSINGMARUBOZU,100
2013-06-17,CDLBELTHOLD,100
2013-06-17,CDLMARUBOZU,100
2013-06-18,CDLDOJISTAR,-100
2013-06-18,CDLSHORTLINE,100
2013-06-18,CDLDOJI,100
2013-06-18,CDLSTALLEDPATTERN,-100
2013-06-19,CDLTAKURI,100
2013-06-19,CDLDOJI,100
2013-06-19,CDLDRAGONFLYDOJI,100
2013-06-19,CDLHANGINGMAN,-100
2013-06-19,CDLLONGLEGGEDDOJI,100
2013-06-20,CDLCLOSINGMARUBOZU,-100
2013-06-20,CDLBELTHOLD,-100
2013-06-20,CDLMARUBOZU,-100
2013-06-20,CDLLONGLINE,-100
2013-06-21,CDLBELTHOLD,100
2013-06-21,CDLTHRUSTING,-100
2013-06-25,CDLBELTHOLD,-100
2013-06-28,CDLLONGLEGGEDDOJI,100
2013-06-28,CDLDOJI,100
2013-06-28,CDLDRAGONFLYDOJI,100
2013-06-28,CDLTAKURI,100
2013-07-02,CDLSHORTLINE,-100
2013-07-03,CDLSHORTLINE,100
2013-07-04,CDLDOJI,100
2013-07-04,CDLSHORTLINE,-100
2013-07-05,CDLINVERTEDHAMMER,100
2013-07-05,CDLGRAVESTONEDOJI,100
2013-07-05,CDLLONGLEGGEDDOJI,100
2013-07-05,CDLHIKKAKE,100
2013-07-05,CDLDOJI,100
2013-07-08,CDLMARUBOZU,-100
2013-07-08,CDLBELTHOLD,-100
2013-07-08,CDLCLOSINGMARUBOZU,-100
2013-07-08,CDLENGULFING,-100
2013-07-08,CDLLONGLINE,-100
2013-07-09,CDLSHORTLINE,100
2013-07-10,CDLSHORTLINE,100
2013-07-11,CDLLONGLINE,-100
2013-07-12,CDLLONGLINE,-100
2013-07-12,CDLMARUBOZU,-100
2013-07-12,CDLBELTHOLD,-100
2013-07-12,CDLCLOSINGMARUBOZU,-100
2013-07-15,CDLENGULFING,100
2013-07-15,CDLCLOSINGMARUBOZU,100
2013-07-16,CDLSHORTLINE,-100
2013-07-17,CDLLONGLEGGEDDOJI,100
2013-07-17,CDLDOJI,100
2013-07-17,CDLRICKSHAWMAN,100
2013-07-17,CDLSPINNINGTOP,100
2013-07-17,CDLHIGHWAVE,100
2013-07-18,CDLDOJI,100
2013-07-18,CDLSPINNINGTOP,100
2013-07-18,CDLLONGLEGGEDDOJI,100
2013-07-18,CDLHIGHWAVE,100
2013-07-18,CDLRICKSHAWMAN,100
2013-07-23,CDLBELTHOLD,100
2013-07-24,CDLBELTHOLD,100
2013-07-25,CDLHARAMI,-100
2013-07-25,CDLSHORTLINE,100
2013-07-26,CDLLONGLINE,-100
2013-07-26,CDLBELTHOLD,-100
2013-07-26,CDL3INSIDE,-100
2013-07-26,CDLMARUBOZU,-100
2013-07-26,CDLHIKKAKE,100
2013-07-26,CDLCLOSINGMARUBOZU,-100
2013-07-29,CDLSHORTLINE,100
2013-07-30,CDLMORNINGSTAR,100
2013-07-30,CDLBELTHOLD,100
2013-07-31,CDLSHORTLINE,100
2013-07-31,CDLHIKKAKE,200
2013-08-02,CDLCLOSINGMARUBOZU,-100
2013-08-02,CDLLONGLINE,-100
2013-08-02,CDLBELTHOLD,-100
2013-08-02,CDLMARUBOZU,-100
2013-08-02,CDLENGULFING,-100
2013-08-05,CDLDOJI,100
2013-08-05,CDLHARAMICROSS,100
2013-08-05,CDLGRAVESTONEDOJI,100
2013-08-05,CDLHARAMI,100
2013-08-05,CDLLONGLEGGEDDOJI,100
2013-08-06,CDLSHORTLINE,-100
2013-08-06,CDLDOJI,100
2013-08-08,CDLSPINNINGTOP,-100
2013-08-09,CDLMARUBOZU,-100
2013-08-09,CDLHIKKAKE,-100
2013-08-09,CDLCLOSINGMARUBOZU,-100
2013-08-09,CDLBELTHOLD,-100
2013-08-09,CDLLONGLINE,-100
2013-08-13,CDLSHORTLINE,100
2013-08-14,CDLBELTHOLD,-100
2013-08-15,CDLSPINNINGTOP,100
2013-08-15,CDLHIGHWAVE,100
2013-08-15,CDLONNECK,-100
2013-08-16,CDLLONGLEGGEDDOJI,100
2013-08-16,CDLDOJI,100
2013-08-16,CDLSHORTLINE,100
2013-08-16,CDLTAKURI,100
2013-08-16,CDLDRAGONFLYDOJI,100
2013-08-19,CDLENGULFING,-100
2013-08-19,CDLCLOSINGMARUBOZU,-100
2013-08-20,CDLDOJI,100
2013-08-20,CDL3OUTSIDE,-100
2013-08-20,CDLGRAVESTONEDOJI,100
2013-08-20,CDLLONGLEGGEDDOJI,100
2013-08-22,CDLIDENTICAL3CROWS,-100
2013-08-22,CDLSHORTLINE,-100
2013-08-23,CDLINVERTEDHAMMER,100
2013-08-23,CDLLONGLEGGEDDOJI,100
2013-08-23,CDLGRAVESTONEDOJI,100
2013-08-23,CDLDOJI,100
2013-08-26,CDLMARUBOZU,-100
2013-08-26,CDLBELTHOLD,-100
2013-08-26,CDLLONGLINE,-100
2013-08-26,CDLCLOSINGMARUBOZU,-100
2013-08-27,CDLSHORTLINE,-100
2013-08-28,CDLBELTHOLD,100
2013-08-28,CDLMORNINGSTAR,100
2013-08-28,CDLSEPARATINGLINES,100
2013-08-28,CDLLONGLINE,100
2013-08-29,CDLCLOSINGMARUBOZU,100
2013-08-29,CDLBELTHOLD,100
2013-08-29,CDLMARUBOZU,100
2013-08-29,CDLLONGLINE,100
2013-08-30,CDLCLOSINGMARUBOZU,100
2013-09-02,CDLLONGLEGGEDDOJI,100
2013-09-02,CDLHIGHWAVE,100
2013-09-02,CDLSPINNINGTOP,100
2013-09-02,CDLDOJI,100
2013-09-02,CDLSTALLEDPATTERN,-100
2013-09-02,CDLDOJISTAR,-100
2013-09-03,CDLCLOSINGMARUBOZU,-100
2013-09-04,CDLCLOSINGMARUBOZU,100
2013-09-04,CDLHIKKAKE,100
2013-09-05,CDLLONGLEGGEDDOJI,100
2013-09-05,CDLDOJI,100
2013-09-05,CDLHIGHWAVE,-100
2013-09-05,CDLSPINNINGTOP,-100
2013-09-09,CDLBELTHOLD,100
2013-09-09,CDLLONGLINE,100
2013-09-09,CDLHIKKAKE,-100
2013-09-09,CDLCLOSINGMARUBOZU,100
2013-09-09,CDLMARUBOZU,100
2013-09-11,CDLCLOSINGMARUBOZU,100
2013-09-11,CDLMARUBOZU,100
2013-09-11,CDLLONGLINE,100
2013-09-11,CDLBELTHOLD,100
2013-09-12,CDLBELTHOLD,100
2013-09-12,CDLLONGLINE,100
2013-09-12,CDLMARUBOZU,100
2013-09-12,CDLCLOSINGMARUBOZU,100
2013-09-13,CDLMARUBOZU,100
2013-09-13,CDLCLOSINGMARUBOZU,100
2013-09-13,CDLBELTHOLD,100
2013-09-13,CDL3WHITESOLDIERS,100
2013-09-13,CDLLONGLINE,100
2013-09-16,CDLLONGLINE,100
2013-09-16,CDLCLOSINGMARUBOZU,100
2013-09-16,CDL3WHITESOLDIERS,100
2013-09-17,CDLDOJI,100
2013-09-17,CDLHANGINGMAN,-100
2013-09-17,CDLLONGLEGGEDDOJI,100
2013-09-17,CDLTAKURI,100
2013-09-17,CDLADVANCEBLOCK,-100
2013-09-17,CDLSTALLEDPATTERN,-100
2013-09-17,CDLDRAGONFLYDOJI,100
2013-09-24,CDLSPINNINGTOP,100
2013-09-24,CDLRICKSHAWMAN,100
2013-09-24,CDLLONGLEGGEDDOJI,100
2013-09-24,CDLDOJI,100
2013-09-24,CDLHIGHWAVE,100
2013-09-25,CDLHIKKAKE,100
2013-09-26,CDLSHORTLINE,-100
2013-09-30,CDLLONGLINE,100
2013-09-30,CDLMARUBOZU,100
2013-09-30,CDLCLOSINGMARUBOZU,100
2013-09-30,CDLBELTHOLD,100
2013-10-02,CDLSHORTLINE,-100
2013-10-03,CDLHIKKAKE,-100
2013-10-03,CDLGRAVESTONEDOJI,100
2013-10-03,CDLDOJI,100
2013-10-03,CDLLONGLEGGEDDOJI,100
2013-10-04,CDLHIKKAKE,-200
2013-10-04,CDLGRAVESTONEDOJI,100
2013-10-04,CDLLONGLEGGEDDOJI,100
2013-10-04,CDLDOJI,100
2013-10-04,CDLINVERTEDHAMMER,100
2013-10-07,CDLTRISTAR,100
2013-10-07,CDLDOJI,100
2013-10-07,CDLSHORTLINE,100
2013-10-08,CDLHIKKAKE,100
2013-10-09,CDLENGULFING,100
2013-10-09,CDLLONGLINE,100
2013-10-09,CDLBELTHOLD,100
2013-10-09,CDLMARUBOZU,100
2013-10-09,CDLCLOSINGMARUBOZU,100
2013-10-09,CDLHIKKAKE,200
2013-10-11,CDL3OUTSIDE,100
2013-10-14,CDLBELTHOLD,100
2013-10-14,CDLLONGLINE,100
2013-10-15,CDLSHORTLINE,100
2013-10-16,CDLBELTHOLD,100
2013-10-17,CDLLONGLINE,-100
2013-10-17,CDLCOUNTERATTACK,-100
2013-10-21,CDLBELTHOLD,-100
2013-10-23,CDLRICKSHAWMAN,100
2013-10-23,CDLSPINNINGTOP,100
2013-10-23,CDLHIGHWAVE,100
2013-10-23,CDLDOJI,100
2013-10-23,CDLLONGLEGGEDDOJI,100
2013-10-24,CDLSHORTLINE,100
2013-10-25,CDLSHORTLINE,100
2013-10-28,CDLSHORTLINE,100
2013-10-28,CDLDOJI,100
2013-10-29,CDLSHORTLINE,-100
2013-10-29,CDLENGULFING,-100
2013-10-30,CDLHANGINGMAN,-100
2013-10-30,CDLTAKURI,100
2013-10-30,CDLLONGLEGGEDDOJI,100
2013-10-30,CDLDRAGONFLYDOJI,100
2013-10-30,CDLDOJI,100
2013-10-31,CDLSHORTLINE,-100
2013-11-04,CDLCLOSINGMARUBOZU,-100
2013-11-04,CDLLONGLINE,-100
2013-11-05,CDLLONGLINE,100
2013-11-05,CDLBELTHOLD,100
2013-11-06,CDLHANGINGMAN,-100
2013-11-07,CDLCLOSINGMARUBOZU,-100
2013-11-08,CDLCLOSINGMARUBOZU,-100
2013-11-08,CDLBELTHOLD,-100
2013-11-08,CDLMARUBOZU,-100
2013-11-08,CDLLONGLINE,-100
2013-11-11,CDLRICKSHAWMAN,100
2013-11-11,CDLLONGLEGGEDDOJI,100
2013-11-11,CDLSPINNINGTOP,-100
2013-11-11,CDLHIGHWAVE,-100
2013-11-11,CDLDOJI,100
2013-11-12,CDLHAMMER,100
2013-11-13,CDLCLOSINGMARUBOZU,100
2013-11-13,CDLMARUBOZU,100
2013-11-13,CDLBELTHOLD,100
2013-11-13,CDLLONGLINE,100
2013-11-14,CDLHANGINGMAN,-100
2013-11-15,CDLSHORTLINE,100
2013-11-18,CDLBELTHOLD,-100
2013-11-18,CDLCLOSINGMARUBOZU,-100
2013-11-18,CDLLONGLINE,-100
2013-11-18,CDLMARUBOZU,-100
2013-11-19,CDLMARUBOZU,100
2013-11-19,CDLENGULFING,100
2013-11-19,CDLBELTHOLD,100
2013-11-19,CDLCLOSINGMARUBOZU,100
2013-11-19,CDLLONGLINE,100
2013-11-20,CDLHARAMI,-100
2013-11-20,CDLDOJI,100
2013-11-20,CDLGRAVESTONEDOJI,100
2013-11-20,CDLLONGLEGGEDDOJI,100
2013-11-20,CDLSHORTLINE,100
2013-11-20,CDLHARAMICROSS,-100
2013-11-21,CDLSHORTLINE,100
2013-11-22,CDLHAMMER,100
2013-11-22,CDLTAKURI,100
2013-11-22,CDLLONGLEGGEDDOJI,100
2013-11-22,CDLDOJI,100
2013-11-22,CDLDRAGONFLYDOJI,100
2013-11-27,CDLLONGLINE,100
2013-11-27,CDLCLOSINGMARUBOZU,100
2013-11-28,CDLSHORTLINE,100
2013-12-02,CDLMARUBOZU,100
2013-12-02,CDLCLOSINGMARUBOZU,100
2013-12-02,CDLLONGLINE,100
2013-12-02,CDLBELTHOLD,100
2013-12-03,CDLCLOSINGMARUBOZU,-100
2013-12-05,CDLSPINNINGTOP,100
2013-12-09,CDLMARUBOZU,-100
2013-12-09,CDLCLOSINGMARUBOZU,-100
2013-12-09,CDLBELTHOLD,-100
2013-12-09,CDLLONGLINE,-100
2013-12-10,CDLGRAVESTONEDOJI,100
2013-12-10,CDLLONGLEGGEDDOJI,100
2013-12-10,CDLDOJI,100
2013-12-11,CDLENGULFING,-100
2013-12-11,CDLBELTHOLD,-100
2013-12-11,CDLLONGLINE,-100
2013-12-11,CDLMARUBOZU,-100
2013-12-11,CDLCLOSINGMARUBOZU,-100
2013-12-12,CDLCLOSINGMARUBOZU,100
2013-12-12,CDLMARUBOZU,100
2013-12-12,CDLLONGLINE,100
2013-12-12,CDLBELTHOLD,100
2013-12-13,CDLCLOSINGMARUBOZU,100
2013-12-13,CDLBELTHOLD,100
2013-12-13,CDLLONGLINE,100
2013-12-13,CDLMARUBOZU,100
2013-12-16,CDLMARUBOZU,-100
2013-12-16,CDLBELTHOLD,-100
2013-12-16,CDLLONGLINE,-100
2013-12-16,CDLCLOSINGMARUBOZU,-100
2013-12-18,CDLSHORTLINE,-100
2013-12-18,CDLMATCHINGLOW,100
2013-12-19,CDLSHORTLINE,-100
2013-12-19,CDLHIKKAKE,100
2013-12-20,CDLLONGLEGGEDDOJI,100
2013-12-20,CDLDOJI,100
2013-12-20,CDLGRAVESTONEDOJI,100
2013-12-23,CDLBELTHOLD,-100
2013-12-25,CDLSHORTLINE,100
2013-12-26,CDLSHORTLINE,100
2013-12-26,CDLDOJI,100
2013-12-27,CDLTAKURI,100
2013-12-27,CDLDRAGONFLYDOJI,100
2013-12-27,CDLLONGLEGGEDDOJI,100
2013-12-27,CDLHANGINGMAN,-100
2013-12-27,CDLHAMMER,100
2013-12-27,CDLDOJI,100
2013-12-30,CDLSHORTLINE,100
2014-01-03,CDLBELTHOLD,100
2014-01-03,CDLCLOSINGMARUBOZU,100
2014-01-03,CDLLONGLINE,100
2014-01-03,CDLMARUBOZU,100
2014-01-06,CDLHARAMICROSS,-100
2014-01-06,CDLDOJI,100
2014-01-06,CDLRICKSHAWMAN,100
2014-01-06,CDLHIGHWAVE,100
2014-01-06,CDLSPINNINGTOP,100
2014-01-06,CDLLONGLEGGEDDOJI,100
2014-01-06,CDLHARAMI,-100
2014-01-07,CDLSPINNINGTOP,100
2014-01-07,CDLRICKSHAWMAN,100
2014-01-07,CDLHIKKAKE,100
2014-01-07,CDLLONGLEGGEDDOJI,100
2014-01-07,CDLHIGHWAVE,100
2014-01-07,CDLDOJI,100
2014-01-08,CDLLONGLEGGEDDOJI,100
2014-01-08,CDLDOJI,100
2014-01-08,CDLRICKSHAWMAN,100
2014-01-08,CDLSPINNINGTOP,100
2014-01-08,CDLHIGHWAVE,100
2014-01-09,CDLHIKKAKE,200
2014-01-13,CDLLONGLINE,-100
2014-01-13,CDLBELTHOLD,-100
2014-01-14,CDLTHRUSTING,-100
2014-01-14,CDLSHORTLINE,100
2014-01-15,CDLSHORTLINE,-100
2014-01-16,CDLHIKKAKE,-100
2014-01-20,CDLCLOSINGMARUBOZU,100
2014-01-20,CDLLONGLINE,100
2014-01-21,CDLCLOSINGMARUBOZU,100
2014-01-22,CDLSHORTLINE,100
2014-01-23,CDLSHORTLINE,-100
2014-01-24,CDLSHORTLINE,100
2014-01-24,CDLENGULFING,100
2014-01-27,CDLBELTHOLD,100
2014-01-27,CDL3OUTSIDE,100
2014-02-05,CDLBELTHOLD,-100
2014-02-05,CDLLONGLINE,-100
2014-02-06,CDLCLOSINGMARUBOZU,100
2014-02-06,CDLBELTHOLD,100
2014-02-06,CDLMARUBOZU,100
2014-02-06,CDLLONGLINE,100
2014-02-07,CDLCLOSINGMARUBOZU,-100
2014-02-07,CDLBELTHOLD,-100
2014-02-07,CDLHIKKAKE,100
2014-02-07,CDLMARUBOZU,-100
2014-02-07,CDLLONGLINE,-100
2014-02-10,CDLSHORTLINE,100
2014-02-11,CDLHIKKAKE,200
2014-02-12,CDLCLOSINGMARUBOZU,100
2014-02-12,CDLBELTHOLD,100
2014-02-12,CDLLONGLINE,100
2014-02-12,CDLMARUBOZU,100
2014-02-13,CDLCLOSINGMARUBOZU,100
2014-02-14,CDLGRAVESTONEDOJI,100
2014-02-14,CDLDOJISTAR,-100
2014-02-14,CDLSHOOTINGSTAR,-100
2014-02-14,CDLDOJI,100
2014-02-14,CDLSPINNINGTOP,-100
2014-02-14,CDLLONGLEGGEDDOJI,100
2014-02-17,CDLSPINNINGTOP,100
2014-02-17,CDLHIGHWAVE,100
2014-02-18,CDLSPINNINGTOP,100
2014-02-19,CDLDOJI,100
2014-02-19,CDLSHORTLINE,100
2014-02-20,CDLSPINNINGTOP,100
2014-02-20,CDLHIGHWAVE,100
2014-02-20,CDLLONGLEGGEDDOJI,100
2014-02-20,CDLDOJI,100
2014-02-21,CDLLONGLEGGEDDOJI,100
2014-02-21,CDLDRAGONFLYDOJI,100
2014-02-21,CDLTAKURI,100
2014-02-21,CDLDOJI,100
2014-02-24,CDLDOJI,100
2014-02-24,CDLSHORTLINE,100
2014-02-25,CDLCLOSINGMARUBOZU,100
2014-02-25,CDLLONGLINE,100
2014-02-25,CDLBELTHOLD,100
2014-02-25,CDLMARUBOZU,100
2014-02-26,CDLHIGHWAVE,100
2014-02-26,CDLSPINNINGTOP,100
2014-02-26,CDLHARAMI,-100
2014-02-26,CDLDOJI,100
2014-02-26,CDLLONGLEGGEDDOJI,100
2014-02-26,CDLHARAMICROSS,-100
2014-02-26,CDLRICKSHAWMAN,100
2014-02-27,CDLSHORTLINE,100
2014-03-03,CDLINVERTEDHAMMER,100
2014-03-03,CDLGRAVESTONEDOJI,100
2014-03-03,CDLLONGLEGGEDDOJI,100
2014-03-03,CDLDOJI,100
2014-03-05,CDLMARUBOZU,100
2014-03-05,CDLBELTHOLD,100
2014-03-05,CDLCLOSINGMARUBOZU,100
2014-03-05,CDLLONGLINE,100
2014-03-06,CDLSPINNINGTOP,100
2014-03-06,CDLLONGLEGGEDDOJI,100
2014-03-06,CDLDOJI,100
2014-03-06,CDLHIGHWAVE,100
2014-03-06,CDLHIKKAKE,-100
2014-03-07,CDLLONGLINE,100
2014-03-07,CDLBELTHOLD,100
2014-03-07,CDLCLOSINGMARUBOZU,100
2014-03-07,CDLMARUBOZU,100
2014-03-10,CDLSHORTLINE,100
2014-03-10,CDLDOJI,100
2014-03-11,CDLMARUBOZU,-100
2014-03-11,CDLBELTHOLD,-100
2014-03-11,CDLCLOSINGMARUBOZU,-100
2014-03-11,CDLLONGLINE,-100
2014-03-11,CDLHIKKAKE,-200
2014-03-12,CDLTHRUSTING,-100
2014-03-13,CDLCLOSINGMARUBOZU,100
2014-03-14,CDLMARUBOZU,-100
2014-03-14,CDLLONGLINE,-100
2014-03-14,CDLBELTHOLD,-100
2014-03-14,CDLCLOSINGMARUBOZU,-100
2014-03-17,CDLLONGLINE,-100
2014-03-17,CDLCLOSINGMARUBOZU,-100
2014-03-18,CDLHARAMI,100
2014-03-18,CDLHAMMER,100
2014-03-19,CDLSHORTLINE,-100
2014-03-20,CDLDOJI,100
2014-03-20,CDLSHORTLINE,100
2014-03-21,CDLSHORTLINE,100
2014-03-24,CDLCLOSINGMARUBOZU,100
2014-03-24,CDLLONGLINE,100
2014-03-24,CDLMARUBOZU,100
2014-03-24,CDLBELTHOLD,100
2014-03-25,CDLSHORTLINE,100
2014-03-26,CDLSHORTLINE,-100
2014-03-27,CDLDOJI,100
2014-03-27,CDLSHORTLINE,100
2014-03-28,CDLLONGLEGGEDDOJI,100
2014-03-28,CDLDRAGONFLYDOJI,100
2014-03-28,CDLHIKKAKE,-100
2014-03-28,CDLTAKURI,100
2014-03-28,CDLHANGINGMAN,-100
2014-03-28,CDLDOJI,100
2014-04-01,CDLBELTHOLD,-100
2014-04-02,CDLBELTHOLD,-100
2014-04-02,CDLMARUBOZU,-100
2014-04-02,CDLMATCHINGLOW,100
2014-04-02,CDLCLOSINGMARUBOZU,-100
2014-04-02,CDLLONGLINE,-100
2014-04-03,CDLMATCHINGLOW,100
2014-04-03,CDLSHORTLINE,-100
2014-04-07,CDLBELTHOLD,-100
2014-04-08,CDLHARAMI,100
2014-04-09,CDLHIKKAKE,-100
2014-04-09,CDLBELTHOLD,100
2014-04-09,CDL3INSIDE,100
2014-04-10,CDLHIGHWAVE,100
2014-04-10,CDLDOJISTAR,-100
2014-04-10,CDLDOJI,100
2014-04-10,CDLSPINNINGTOP,100
2014-04-10,CDLLONGLEGGEDDOJI,100
2014-04-11,CDLTAKURI,100
2014-04-11,CDLDOJI,100
2014-04-11,CDLDRAGONFLYDOJI,100
2014-04-11,CDLLONGLEGGEDDOJI,100
2014-04-14,CDLHIKKAKE,-100
2014-04-14,CDLLONGLINE,100
2014-04-17,CDLSPINNINGTOP,100
2014-04-18,CDLBELTHOLD,-100
2014-04-21,CDLSHORTLINE,-100
2014-04-22,CDLBELTHOLD,-100
2014-04-22,CDLCLOSINGMARUBOZU,-100
2014-04-22,CDLMARUBOZU,-100
2014-04-22,CDLLONGLINE,-100
2014-04-23,CDLHARAMI,100
2014-04-23,CDLHOMINGPIGEON,100
2014-04-24,CDLINVERTEDHAMMER,100
2014-04-25,CDLBELTHOLD,-100
2014-04-28,CDLSHORTLINE,100
2014-04-28,CDLDOJI,100
2014-04-29,CDLBELTHOLD,100
2014-04-29,CDLMARUBOZU,100
2014-04-29,CDLLONGLINE,100
2014-04-29,CDLHIKKAKE,100
2014-04-29,CDLCLOSINGMARUBOZU,100
2014-04-30,CDLBELTHOLD,100
2014-04-30,CDLLONGLINE,100
2014-04-30,CDLHIKKAKE,200
2014-04-30,CDLMARUBOZU,100
2014-04-30,CDLCLOSINGMARUBOZU,100
2014-05-02,CDLSHORTLINE,100
2014-05-02,CDLSTALLEDPATTERN,-100
2014-05-02,CDLADVANCEBLOCK,-100
2014-05-05,CDLHAMMER,100
2014-05-05,CDLADVANCEBLOCK,-100
2014-05-05,CDLHANGINGMAN,-100
2014-05-07,CDLSHORTLINE,-100
2014-05-08,CDLMARUBOZU,-100
2014-05-08,CDLLONGLINE,-100
2014-05-08,CDLCLOSINGMARUBOZU,-100
2014-05-08,CDLHIKKAKE,100
2014-05-08,CDLBELTHOLD,-100
2014-05-12,CDLSHORTLINE,-100
2014-05-14,CDLMATCHINGLOW,100
2014-05-14,CDLDOJI,100
2014-05-14,CDLLONGLEGGEDDOJI,100
2014-05-14,CDLTAKURI,100
2014-05-14,CDLHAMMER,100
2014-05-14,CDLDRAGONFLYDOJI,100
2014-05-15,CDLCLOSINGMARUBOZU,-100
2014-05-15,CDLLONGLINE,-100
2014-05-16,CDLDOJI,100
2014-05-16,CDLSHORTLINE,100
2014-05-16,CDLDOJISTAR,100
2014-05-19,CDLBELTHOLD,-100
2014-05-19,CDLLONGLINE,-100
2014-05-19,CDLSEPARATINGLINES,-100
2014-05-20,CDLSPINNINGTOP,100
2014-05-22,CDLDOJI,100
2014-05-22,CDLHIKKAKE,-100
2014-05-22,CDLSHORTLINE,-100
2014-05-23,CDLMARUBOZU,100
2014-05-23,CDLCLOSINGMARUBOZU,100
2014-05-23,CDLSEPARATINGLINES,100
2014-05-23,CDLBELTHOLD,100
2014-05-23,CDLLONGLINE,100
2014-05-26,CDLDOJI,100
2014-05-26,CDLSHORTLINE,100
2014-05-27,CDLSHORTLINE,100
2014-05-29,CDLGRAVESTONEDOJI,100
2014-05-29,CDLDOJI,100
2014-05-29,CDLLONGLEGGEDDOJI,100
2014-05-30,CDLLONGLINE,100
2014-05-30,CDLBELTHOLD,100
2014-05-30,CDLMARUBOZU,100
2014-05-30,CDLCLOSINGMARUBOZU,100
2014-06-03,CDLSHORTLINE,100
2014-06-03,CDLDOJISTAR,-100
2014-06-03,CDLDOJI,100
2014-06-04,CDLLONGLINE,100
2014-06-04,CDLMARUBOZU,100
2014-06-04,CDLBELTHOLD,100
2014-06-04,CDLCLOSINGMARUBOZU,100
2014-06-05,CDLSHORTLINE,100
2014-06-05,CDLDOJI,100
2014-06-06,CDLSHORTLINE,100
2014-06-09,CDLMARUBOZU,100
2014-06-09,CDLCLOSINGMARUBOZU,100
2014-06-09,CDLBELTHOLD,100
2014-06-09,CDLLONGLINE,100
2014-06-10,CDLMARUBOZU,-100
2014-06-10,CDLCLOSINGMARUBOZU,-100
2014-06-10,CDLLONGLINE,-100
2014-06-10,CDLBELTHOLD,-100
2014-06-11,CDLDOJI,100
2014-06-11,CDLDOJISTAR,100
2014-06-11,CDLINVERTEDHAMMER,100
2014-06-11,CDLSHORTLINE,100
2014-06-11,CDLLONGLEGGEDDOJI,100
2014-06-12,CDLCLOSINGMARUBOZU,100
2014-06-13,CDLSHORTLINE,100
2014-06-13,CDLDOJI,100
2014-06-16,CDLSHORTLINE,100
2014-06-16,CDLDOJI,100
2014-06-16,CDLHIKKAKE,100
2014-06-17,CDLSHORTLINE,-100
2014-06-18,CDLHIKKAKE,200
2014-06-18,CDLCLOSINGMARUBOZU,100
2014-06-19,CDLDOJI,100
2014-06-19,CDLSHORTLINE,100
2014-06-20,CDLSHORTLINE,100
2014-06-20,CDLDOJI,100
2014-06-23,CDLBELTHOLD,100
2014-06-23,CDLLONGLINE,100
2014-06-23,CDLCLOSINGMARUBOZU,100
2014-06-23,CDLMARUBOZU,100
2014-06-24,CDLHARAMI,-100
2014-06-25,CDLDOJI,100
2014-06-25,CDLSHORTLINE,100
2014-06-26,CDLBELTHOLD,-100
2014-06-26,CDLLONGLINE,-100
2014-06-26,CDLCLOSINGMARUBOZU,-100
2014-06-26,CDLENGULFING,-100
2014-06-26,CDLMARUBOZU,-100
2014-06-27,CDLTHRUSTING,-100
2014-06-27,CDLBELTHOLD,100
2014-06-30,CDLCLOSINGMARUBOZU,100
2014-06-30,CDLLONGLINE,100
2014-06-30,CDLBELTHOLD,100
2014-06-30,CDLMARUBOZU,100
2014-07-01,CDLSHORTLINE,-100
2014-07-02,CDLCLOSINGMARUBOZU,-100
2014-07-02,CDLMARUBOZU,-100
2014-07-02,CDLLONGLINE,-100
2014-07-02,CDLBELTHOLD,-100
2014-07-04,CDLDOJI,100
2014-07-04,CDLSHORTLINE,100
2014-07-07,CDLHAMMER,100
2014-07-08,CDLSHORTLINE,100
2014-07-08,CDLDOJI,100
2014-07-09,CDLSHORTLINE,100
2014-07-10,CDLSHORTLINE,100
2014-07-10,CDLDOJI,100
2014-07-11,CDLBELTHOLD,100
2014-07-11,CDLCLOSINGMARUBOZU,100
2014-07-11,CDLLONGLINE,100
2014-07-11,CDLMARUBOZU,100
2014-07-14,CDLDOJI,100
2014-07-14,CDLSHORTLINE,100
2014-07-15,CDLBELTHOLD,100
2014-07-15,CDLCLOSINGMARUBOZU,100
2014-07-15,CDLMARUBOZU,100
2014-07-15,CDLLONGLINE,100
2014-07-16,CDLDOJI,100
2014-07-16,CDLSHORTLINE,100
2014-07-16,CDLDOJISTAR,-100
2014-07-17,CDLTAKURI,100
2014-07-17,CDLDRAGONFLYDOJI,100
2014-07-17,CDLHAMMER,100
2014-07-17,CDLLONGLEGGEDDOJI,100
2014-07-17,CDLDOJI,100
2014-07-18,CDLDOJI,100
2014-07-18,CDLSHORTLINE,100
2014-07-21,CDLINVERTEDHAMMER,100
2014-07-22,CDLCLOSINGMARUBOZU,100
2014-07-23,CDLDOJI,100
2014-07-23,CDLSHORTLINE,100
2014-07-24,CDLDOJI,100
2014-07-24,CDLGRAVESTONEDOJI,100
2014-07-24,CDLLONGLEGGEDDOJI,100
2014-07-24,CDLINVERTEDHAMMER,100
2014-07-24,CDLSHORTLINE,100
2014-07-25,CDLGAPSIDESIDEWHITE,-100
2014-07-25,CDLSHORTLINE,100
2014-07-25,CDLDOJI,100
2014-07-28,CDLSHORTLINE,100
2014-07-28,CDLDOJI,100
2014-07-29,CDLSHORTLINE,-100
2014-07-30,CDLSHORTLINE,100
2014-07-30,CDLDOJI,100
2014-07-31,CDLCLOSINGMARUBOZU,-100
2014-07-31,CDLMARUBOZU,-100
2014-07-31,CDLBELTHOLD,-100
2014-07-31,CDLENGULFING,-100
2014-07-31,CDLLONGLINE,-100
2014-08-01,CDLSHORTLINE,100
2014-08-01,CDLDOJI,100
2014-08-04,CDLDOJI,100
2014-08-04,CDLGAPSIDESIDEWHITE,100
2014-08-04,CDLSHORTLINE,100
2014-08-05,CDLSHORTLINE,100
2014-08-05,CDLDOJI,100
2014-08-06,CDLGAPSIDESIDEWHITE,-100
2014-08-06,CDLDOJI,100
2014-08-06,CDLSHORTLINE,100
2014-08-07,CDLHANGINGMAN,-100
2014-08-08,CDLBELTHOLD,100
2014-08-11,CDLCLOSINGMARUBOZU,100
2014-08-11,CDLLONGLINE,100
2014-08-11,CDLBELTHOLD,100
2014-08-11,CDLMARUBOZU,100
2014-08-12,CDLLONGLEGGEDDOJI,100
2014-08-12,CDLDOJI,100
2014-08-12,CDLGRAVESTONEDOJI,100
2014-08-13,CDLSHORTLINE,100
2014-08-14,CDLSHORTLINE,-100
2014-08-15,CDLSHORTLINE,100
2014-08-15,CDLDOJI,100
2014-08-18,CDLBELTHOLD,100
2014-08-18,CDLLONGLINE,100
2014-08-18,CDLCLOSINGMARUBOZU,100
2014-08-18,CDLMARUBOZU,100
2014-08-19,CDLHARAMICROSS,-100
2014-08-19,CDLHARAMI,-100
2014-08-19,CDLDOJI,100
2014-08-19,CDLSHORTLINE,100
2014-08-20,CDLSHORTLINE,100
2014-08-20,CDLDOJI,100
2014-08-20,CDLHIKKAKE,100
2014-08-21,CDLSHORTLINE,-100
2014-08-22,CDLSHOOTINGSTAR,-100
2014-08-25,CDLHAMMER,100
2014-08-26,CDLSHORTLINE,100
2014-08-26,CDLDOJI,100
2014-08-27,CDLCLOSINGMARUBOZU,100
2014-08-28,CDLHARAMI,-100
2014-08-28,CDLSHORTLINE,100
2014-08-29,CDLSPINNINGTOP,100
2014-09-01,CDLBELTHOLD,100
2014-09-01,CDLLONGLINE,100
2014-09-02,CDLCLOSINGMARUBOZU,-100
2014-09-02,CDLLONGLINE,-100
2014-09-02,CDLBELTHOLD,-100
2014-09-02,CDLMARUBOZU,-100
2014-09-03,CDLHIKKAKE,100
2014-09-03,CDLSHORTLINE,-100
2014-09-04,CDLSHORTLINE,100
2014-09-04,CDLDOJI,100
2014-09-05,CDLHIKKAKE,200
2014-09-05,CDLSHOOTINGSTAR,-100
2014-09-09,CDLCLOSINGMARUBOZU,-100
2014-09-10,CDLHARAMICROSS,100
2014-09-10,CDLHARAMI,100
2014-09-10,CDLSHORTLINE,-100
2014-09-10,CDLDOJI,100
2014-09-10,CDLHOMINGPIGEON,100
2014-09-11,CDLCLOSINGMARUBOZU,100
2014-09-11,CDLBELTHOLD,100
2014-09-11,CDLLONGLINE,100
2014-09-11,CDLMARUBOZU,100
2014-09-11,CDL3INSIDE,100
2014-09-12,CDLBELTHOLD,-100
2014-09-16,CDLMARUBOZU,-100
2014-09-16,CDLLONGLINE,-100
2014-09-16,CDLCLOSINGMARUBOZU,-100
2014-09-16,CDLBELTHOLD,-100
2014-09-17,CDLDOJI,100
2014-09-17,CDLHOMINGPIGEON,100
2014-09-17,CDLSHORTLINE,-100
2014-09-17,CDLHARAMI,100
2014-09-17,CDLHARAMICROSS,100
2014-09-18,CDLDOJI,100
2014-09-18,CDLSHORTLINE,100
2014-09-19,CDLCLOSINGMARUBOZU,-100
2014-09-19,CDLLONGLINE,-100
2014-09-19,CDLMARUBOZU,-100
2014-09-19,CDLBELTHOLD,-100
2014-09-22,CDLDOJI,100
2014-09-22,CDLSHORTLINE,100
2014-09-23,CDLDOJI,100
2014-09-23,CDLSHORTLINE,100
2014-09-24,CDLSHORTLINE,-100
2014-09-25,CDLSHORTLINE,-100
2014-09-26,CDLDOJI,100
2014-09-26,CDLSHORTLINE,100
2014-09-29,CDLSHORTLINE,-100
2014-09-30,CDLBELTHOLD,-100
2014-10-02,CDLSHORTLINE,100
2014-10-02,CDLDOJI,100
2014-10-03,CDLBELTHOLD,100
2014-10-03,CDLMARUBOZU,100
2014-10-03,CDLLONGLINE,100
2014-10-03,CDLCLOSINGMARUBOZU,100
2014-10-06,CDLSHORTLINE,100
2014-10-06,CDLDOJI,100
2014-10-07,CDLHANGINGMAN,-100
2014-10-07,CDLGAPSIDESIDEWHITE,-100
2014-10-07,CDLHAMMER,100
2014-10-09,CDLDOJI,100
2014-10-09,CDLLONGLEGGEDDOJI,100
2014-10-09,CDLDRAGONFLYDOJI,100
2014-10-09,CDLTAKURI,100
2014-10-13,CDLLONGLINE,-100
2014-10-13,CDLCLOSINGMARUBOZU,-100
2014-10-14,CDLSHORTLINE,-100
2014-10-15,CDLBELTHOLD,100
2014-10-16,CDLBELTHOLD,-100
2014-10-16,CDLLONGLINE,-100
2014-10-17,CDLSHORTLINE,100
2014-10-17,CDLDOJI,100
2014-10-17,CDLDOJISTAR,100
2014-10-20,CDLCLOSINGMARUBOZU,-100
2014-10-20,CDLMARUBOZU,-100
2014-10-20,CDLLONGLINE,-100
2014-10-20,CDLBELTHOLD,-100
2014-10-21,CDLDOJI,100
2014-10-21,CDLSHORTLINE,100
2014-10-22,CDLDOJI,100
2014-10-22,CDLSHOOTINGSTAR,-100
2014-10-22,CDLLONGLEGGEDDOJI,100
2014-10-22,CDLGRAVESTONEDOJI,100
2014-10-23,CDLLONGLEGGEDDOJI,100
2014-10-23,CDLSPINNINGTOP,100
2014-10-23,CDLDOJI,100
2014-10-23,CDLGRAVESTONEDOJI,100
2014-10-27,CDLBELTHOLD,100
2014-10-27,CDLCLOSINGMARUBOZU,100
2014-10-27,CDLLONGLINE,100
2014-10-27,CDLMARUBOZU,100
2014-10-28,CDLSHOOTINGSTAR,-100
2014-10-29,CDLBELTHOLD,-100
2014-10-29,CDLCLOSINGMARUBOZU,-100
2014-10-29,CDLLONGLINE,-100
2014-10-29,CDLEVENINGSTAR,-100
2014-10-29,CDLMARUBOZU,-100
2014-10-30,CDLDOJI,100
2014-10-30,CDLSHORTLINE,100
2014-10-31,CDLDOJI,100
2014-10-31,CDLSHORTLINE,100
2014-11-03,CDLDOJI,100
2014-11-03,CDLSHORTLINE,100
2014-11-04,CDLSHORTLINE,-100
2014-11-05,CDLDOJI,100
2014-11-05,CDLSHORTLINE,100
2014-11-06,CDLDOJI,100
2014-11-06,CDLSHORTLINE,100
2014-11-07,CDLDOJI,100
2014-11-07,CDLSHORTLINE,100
2014-11-10,CDLGAPSIDESIDEWHITE,100
2014-11-10,CDLSHORTLINE,100
2014-11-10,CDLDOJI,100
2014-11-11,CDLGRAVESTONEDOJI,100
2014-11-11,CDLINVERTEDHAMMER,100
2014-11-11,CDLLONGLEGGEDDOJI,100
2014-11-11,CDLDOJI,100
2014-11-12,CDLDOJI,100
2014-11-12,CDLGAPSIDESIDEWHITE,-100
2014-11-12,CDLSHORTLINE,100
2014-11-13,CDLCLOSINGMARUBOZU,100
2014-11-13,CDLMARUBOZU,100
2014-11-13,CDLBELTHOLD,100
2014-11-13,CDLLONGLINE,100
2014-11-14,CDLMARUBOZU,100
2014-11-14,CDLCLOSINGMARUBOZU,100
2014-11-14,CDLBELTHOLD,100
2014-11-14,CDLLONGLINE,100
2014-11-17,CDLSHORTLINE,100
2014-11-17,CDLDOJI,100
2014-11-18,CDLSHORTLINE,100
2014-11-18,CDLDOJI,100
2014-11-19,CDLDOJI,100
2014-11-19,CDLSHORTLINE,100
2014-11-20,CDLSPINNINGTOP,100
2014-11-20,CDLLONGLEGGEDDOJI,100
2014-11-20,CDLHIGHWAVE,100
2014-11-20,CDLDOJI,100
2014-11-21,CDLBELTHOLD,100
2014-11-24,CDLLONGLEGGEDDOJI,100
2014-11-24,CDLDOJI,100
2014-11-24,CDLHARAMICROSS,-100
2014-11-24,CDLHARAMI,-100
2014-11-24,CDLSHORTLINE,100
2014-11-24,CDLGRAVESTONEDOJI,100
2014-11-25,CDLBELTHOLD,-100
2014-11-25,CDLHIKKAKE,-100
2014-11-25,CDLLONGLINE,-100
2014-11-25,CDLMARUBOZU,-100
2014-11-25,CDLCLOSINGMARUBOZU,-100
2014-11-26,CDLCLOSINGMARUBOZU,100
2014-11-27,CDLHARAMI,-100
2014-11-27,CDLHARAMICROSS,-100
2014-11-27,CDLSHORTLINE,100
2014-11-27,CDLDOJI,100
2014-11-28,CDLHIGHWAVE,100
2014-11-28,CDLSPINNINGTOP,100
2014-11-28,CDLLONGLEGGEDDOJI,100
2014-11-28,CDLRICKSHAWMAN,100
2014-11-28,CDLDOJI,100
2014-11-28,CDLHIKKAKE,-100
2014-12-01,CDLLONGLINE,100
2014-12-01,CDLMARUBOZU,100
2014-12-01,CDLCLOSINGMARUBOZU,100
2014-12-01,CDLBELTHOLD,100
2014-12-02,CDLBELTHOLD,-100
2014-12-02,CDLCLOSINGMARUBOZU,-100
2014-12-02,CDLMARUBOZU,-100
2014-12-02,CDLDARKCLOUDCOVER,-100
2014-12-02,CDLLONGLINE,-100
2014-12-03,CDLSHORTLINE,-100
2014-12-04,CDLDOJI,100
2014-12-04,CDLSHORTLINE,100
2014-12-05,CDLSHORTLINE,100
2014-12-08,CDLDOJI,100
2014-12-08,CDLSHORTLINE,100
2014-12-09,CDLSHORTLINE,-100
2014-12-09,CDLDOJI,100
2014-12-10,CDLMATCHINGLOW,100
2014-12-10,CDLBELTHOLD,-100
2014-12-10,CDLMARUBOZU,-100
2014-12-10,CDLCLOSINGMARUBOZU,-100
2014-12-10,CDLLONGLINE,-100
2014-12-11,CDLCLOSINGMARUBOZU,100
2014-12-12,CDLCLOSINGMARUBOZU,100
2014-12-12,CDLLONGLINE,100
2014-12-12,CDLBELTHOLD,100
2014-12-12,CDLMARUBOZU,100
2014-12-15,CDLHARAMI,-100
2014-12-16,CDLHANGINGMAN,-100
2014-12-16,CDLHIKKAKE,-100
2014-12-18,CDLLONGLINE,100
2014-12-18,CDLBELTHOLD,100
2014-12-18,CDLMARUBOZU,100
2014-12-18,CDLCLOSINGMARUBOZU,100
2014-12-19,CDLHARAMI,-100
2014-12-25,CDLHANGINGMAN,-100
2014-12-26,CDLINVERTEDHAMMER,100
2014-12-29,CDLCLOSINGMARUBOZU,100
2014-12-29,CDLBELTHOLD,100
2014-12-29,CDLHIKKAKE,100
2014-12-29,CDLMARUBOZU,100
2014-12-29,CDLLONGLINE,100
2014-12-29,CDLENGULFING,100
2014-12-30,CDLLONGLINE,100
2014-12-30,CDL3OUTSIDE,100
2014-12-30,CDLCLOSINGMARUBOZU,100
2014-12-30,CDLHIKKAKE,200
2014-12-30,CDLMARUBOZU,100
2014-12-30,CDLBELTHOLD,100
2014-12-31,CDLLONGLINE,-100
2014-12-31,CDLCLOSINGMARUBOZU,-100
2014-12-31,CDLMARUBOZU,-100
2014-12-31,CDLBELTHOLD,-100
2015-01-05,CDLONNECK,-100
2015-01-05,CDLHAMMER,100
2015-01-05,CDLINNECK,-100
2015-01-06,CDLDOJI,100
2015-01-06,CDLSHORTLINE,100
2015-01-07,CDLSHORTLINE,100
2015-01-07,CDLDOJI,100
2015-01-08,CDLBELTHOLD,100
2015-01-08,CDLMARUBOZU,100
2015-01-08,CDLCLOSINGMARUBOZU,100
2015-01-08,CDLLONGLINE,100
2015-01-09,CDLBELTHOLD,100
2015-01-09,CDLCLOSINGMARUBOZU,100
2015-01-09,CDLLONGLINE,100
2015-01-09,CDLMARUBOZU,100
2015-01-12,CDLDOJI,100
2015-01-12,CDLSHORTLINE,100
2015-01-13,CDLENGULFING,-100
2015-01-13,CDLBELTHOLD,-100
2015-01-14,CDLSHORTLINE,100
2015-01-14,CDLDOJI,100
2015-01-15,CDLHIKKAKE,100
2015-01-15,CDLSHORTLINE,100
2015-01-15,CDLDOJI,100
2015-01-16,CDLBELTHOLD,100
2015-01-19,CDLSHORTLINE,-100
2015-01-20,CDLSHORTLINE,100
2015-01-21,CDLBELTHOLD,-100
2015-01-21,CDLSEPARATINGLINES,-100
2015-01-21,CDLLONGLINE,-100
2015-01-21,CDLMARUBOZU,-100
2015-01-21,CDLCLOSINGMARUBOZU,-100
2015-01-22,CDLMARUBOZU,100
2015-01-22,CDLBELTHOLD,100
2015-01-22,CDLLONGLINE,100
2015-01-22,CDLPIERCING,100
2015-01-22,CDLCLOSINGMARUBOZU,100
2015-01-23,CDLBELTHOLD,-100
2015-01-23,CDLMARUBOZU,-100
2015-01-23,CDLLONGLINE,-100
2015-01-23,CDLCLOSINGMARUBOZU,-100
2015-01-27,CDLSHORTLINE,-100
2015-01-28,CDLCLOSINGMARUBOZU,100
2015-01-29,CDLSHORTLINE,100
2015-01-29,CDLDOJI,100
2015-01-30,CDLSHORTLINE,-100
2015-01-30,CDLDOJI,100
2015-02-02,CDLDOJI,100
2015-02-02,CDLSHORTLINE,100
2015-02-03,CDLGRAVESTONEDOJI,100
2015-02-03,CDLSHOOTINGSTAR,-100
2015-02-03,CDLDOJI,100
2015-02-03,CDLLONGLEGGEDDOJI,100
2015-02-04,CDLDOJI,100
2015-02-04,CDLGAPSIDESIDEWHITE,100
2015-02-04,CDLSHORTLINE,100
2015-02-05,CDLDOJI,100
2015-02-05,CDLSHORTLINE,100
2015-02-06,CDLCLOSINGMARUBOZU,-100
2015-02-06,CDLBELTHOLD,-100
2015-02-06,CDLMARUBOZU,-100
2015-02-06,CDLLONGLINE,-100
2015-02-09,CDLBELTHOLD,-100
2015-02-09,CDLMATCHINGLOW,100
2015-02-09,CDLLONGLINE,-100
2015-02-09,CDLMARUBOZU,-100
2015-02-09,CDLCLOSINGMARUBOZU,-100
2015-02-10,CDLCLOSINGMARUBOZU,-100
2015-02-10,CDLMATCHINGLOW,100
2015-02-10,CDLBELTHOLD,-100
2015-02-10,CDLLONGLINE,-100
2015-02-10,CDLMARUBOZU,-100
2015-02-11,CDLDOJI,100
2015-02-11,CDLSHORTLINE,100
2015-02-12,CDLSHORTLINE,100
2015-02-12,CDLDOJI,100
2015-02-13,CDLHAMMER,100
2015-02-24,CDLBELTHOLD,100
2015-02-25,CDLDOJI,100
2015-02-25,CDLSHORTLINE,100
2015-02-26,CDLHAMMER,100
2015-02-26,CDLLONGLEGGEDDOJI,100
2015-02-26,CDLDRAGONFLYDOJI,100
2015-02-26,CDLTAKURI,100
2015-02-26,CDLDOJI,100
2015-02-26,CDLHIKKAKE,100
2015-03-02,CDLSHORTLINE,100
2015-03-02,CDLDOJI,100
2015-03-03,CDLSHORTLINE,100
2015-03-03,CDLDOJI,100
2015-03-04,CDLLONGLEGGEDDOJI,100
2015-03-04,CDLGAPSIDESIDEWHITE,-100
2015-03-04,CDLTAKURI,100
2015-03-04,CDLDRAGONFLYDOJI,100
2015-03-04,CDLHANGINGMAN,-100
2015-03-04,CDLSHORTLINE,100
2015-03-04,CDLDOJI,100
2015-03-04,CDLHAMMER,100
2015-03-05,CDLSHORTLINE,100
2015-03-05,CDLDOJI,100
2015-03-06,CDLDOJI,100
2015-03-06,CDLSHORTLINE,100
2015-03-09,CDLENGULFING,-100
2015-03-09,CDLCLOSINGMARUBOZU,-100
2015-03-10,CDLBELTHOLD,-100
2015-03-11,CDLCLOSINGMARUBOZU,100
2015-03-11,CDLMARUBOZU,100
2015-03-11,CDLBELTHOLD,100
2015-03-11,CDLLONGLINE,100
2015-03-12,CDLSHORTLINE,-100
2015-03-13,CDLDOJI,100
2015-03-13,CDLSHORTLINE,100
2015-03-16,CDLSHORTLINE,100
2015-03-16,CDLGAPSIDESIDEWHITE,-100
2015-03-16,CDLDOJI,100
2015-03-17,CDLCLOSINGMARUBOZU,100
2015-03-17,CDLLONGLINE,100
2015-03-17,CDLBELTHOLD,100
2015-03-17,CDLMARUBOZU,100
2015-03-18,CDLDOJI,100
2015-03-18,CDLSHORTLINE,100
2015-03-19,CDLDOJI,100
2015-03-19,CDLSHORTLINE,100
2015-03-20,CDLSHORTLINE,100
2015-03-23,CDLDOJI,100
2015-03-23,CDLSHORTLINE,100
2015-03-24,CDLDOJI,100
2015-03-24,CDLSHORTLINE,100
2015-03-26,CDLCLOSINGMARUBOZU,100
2015-03-26,CDLBELTHOLD,100
2015-03-26,CDLMARUBOZU,100
2015-03-27,CDLBELTHOLD,100
2015-03-27,CDLMARUBOZU,100
2015-03-27,CDLCLOSINGMARUBOZU,100
2015-03-30,CDLBELTHOLD,-100
2015-03-30,CDLMARUBOZU,-100
2015-03-30,CDLCLOSINGMARUBOZU,-100
2015-03-31,CDLDOJI,100
2015-04-01,CDLDOJI,100
2015-04-02,CDLDOJI,100
2015-04-07,CDLDOJI,100
2015-04-07,CDLGAPSIDESIDEWHITE,-100
2015-04-08,CDLCLOSINGMARUBOZU,100
2015-04-08,CDLBELTHOLD,100
2015-04-08,CDLMARUBOZU,100
2015-04-09,CDLBELTHOLD,100
2015-04-09,CDLMARUBOZU,100
2015-04-09,CDLCLOSINGMARUBOZU,100
2015-04-10,CDLDOJI,100
2015-04-10,CDLINVERTEDHAMMER,100
2015-04-10,CDLLONGLEGGEDDOJI,100
2015-04-10,CDLGRAVESTONEDOJI,100
2015-04-13,CDLSHORTLINE,100
2015-04-13,CDLGAPSIDESIDEWHITE,-100
2015-04-13,CDLDOJI,100
2015-04-14,CDLSHORTLINE,100
2015-04-15,CDLSHORTLINE,-100
2015-04-16,CDLDOJI,100
2015-04-16,CDLSHORTLINE,100
2015-04-17,CDLSHORTLINE,100
2015-04-20,CDLDOJI,100
2015-04-20,CDLSHORTLINE,100
2015-04-21,CDLDOJI,100
2015-04-21,CDLSHORTLINE,100
2015-04-22,CDLDOJI,100
2015-04-22,CDLSHORTLINE,100
2015-04-23,CDLCLOSINGMARUBOZU,-100
2015-04-23,CDLMARUBOZU,-100
2015-04-23,CDLBELTHOLD,-100
2015-04-23,CDLLONGLINE,-100
2015-04-24,CDLLONGLINE,100
2015-04-24,CDLMARUBOZU,100
2015-04-24,CDLCLOSINGMARUBOZU,100
2015-04-24,CDLBELTHOLD,100
2015-04-27,CDLBELTHOLD,100
2015-04-28,CDLHARAMI,-100
2015-04-29,CDLCLOSINGMARUBOZU,-100
2015-04-30,CDLSHORTLINE,100
2015-04-30,CDLHARAMI,100
2015-05-04,CDLHIKKAKE,100
2015-05-04,CDLSHORTLINE,100
2015-05-05,CDLCLOSINGMARUBOZU,100
2015-05-06,CDLHARAMI,-100
2015-05-07,CDLDOJI,100
2015-05-07,CDLSHORTLINE,100
2015-05-08,CDLDOJI,100
2015-05-08,CDLGAPSIDESIDEWHITE,100
2015-05-08,CDLSHORTLINE,100
2015-05-11,CDLDOJI,100
2015-05-11,CDLGRAVESTONEDOJI,100
2015-05-11,CDLLONGLEGGEDDOJI,100
2015-05-11,CDLINVERTEDHAMMER,100
2015-05-13,CDLBELTHOLD,-100
2015-05-13,CDLCLOSINGMARUBOZU,-100
2015-05-13,CDLLONGLINE,-100
2015-05-13,CDLMARUBOZU,-100
2015-05-14,CDLCLOSINGMARUBOZU,100
2015-05-15,CDLSHORTLINE,100
2015-05-15,CDLDOJI,100
2015-05-18,CDLSHORTLINE,100
2015-05-18,CDLDOJI,100
2015-05-19,CDLSHORTLINE,100
2015-05-19,CDLDOJI,100
2015-05-20,CDLBELTHOLD,-100
2015-05-20,CDLSEPARATINGLINES,-100
2015-05-20,CDLMARUBOZU,-100
2015-05-20,CDLLONGLINE,-100
2015-05-20,CDLCLOSINGMARUBOZU,-100
2015-05-21,CDLSHORTLINE,-100
2015-05-22,CDLSHORTLINE,100
2015-05-22,CDLDOJI,100
2015-05-25,CDLSHORTLINE,100
2015-05-25,CDLDOJI,100
2015-05-26,CDLBELTHOLD,100
2015-05-26,CDLLONGLINE,100
2015-05-26,CDLMARUBOZU,100
2015-05-26,CDLCLOSINGMARUBOZU,100
2015-05-27,CDLDOJI,100
2015-05-27,CDLSHORTLINE,100
2015-05-28,CDLDOJI,100
2015-05-28,CDLSHORTLINE,100
2015-05-29,CDLDOJI,100
2015-06-02,CDLBELTHOLD,-100
2015-06-02,CDLENGULFING,-100
2015-06-03,CDLCLOSINGMARUBOZU,100
2015-06-03,CDLLONGLINE,100
2015-06-03,CDLPIERCING,100
2015-06-03,CDLMARUBOZU,100
2015-06-03,CDLBELTHOLD,100
2015-06-04,CDLHARAMI,-100
2015-06-05,CDLGRAVESTONEDOJI,100
2015-06-05,CDLINVERTEDHAMMER,100
2015-06-05,CDLDOJI,100
2015-06-05,CDLLONGLEGGEDDOJI,100
2015-06-08,CDLBELTHOLD,100
2015-06-09,CDLSHORTLINE,-100
2015-06-10,CDLHIKKAKE,100
2015-06-10,CDLSHORTLINE,100
2015-06-10,CDLDOJI,100
2015-06-11,CDLHIKKAKE,200
2015-06-11,CDLBELTHOLD,100
2015-06-12,CDLSPINNINGTOP,100
2015-06-15,CDLDOJI,100
2015-06-15,CDLSHORTLINE,100
2015-06-16,CDLHIKKAKE,100
2015-06-16,CDLSHORTLINE,100
2015-06-17,CDLCLOSINGMARUBOZU,-100
2015-06-17,CDLBELTHOLD,-100
2015-06-17,CDLLONGLINE,-100
2015-06-17,CDLMARUBOZU,-100
2015-06-18,CDLDOJISTAR,100
2015-06-18,CDLSHORTLINE,100
2015-06-18,CDLDOJI,100
2015-06-23,CDLSHORTLINE,-100
2015-06-23,CDLDOJI,100
2015-06-24,CDLSHORTLINE,-100
2015-06-24,CDLHIKKAKE,100
2015-06-25,CDLBELTHOLD,100
2015-06-25,CDLMARUBOZU,100
2015-06-25,CDLLONGLINE,100
2015-06-25,CDLHIKKAKE,200
2015-06-25,CDLCLOSINGMARUBOZU,100
2015-06-26,CDLBELTHOLD,-100
2015-06-26,CDLMARUBOZU,-100
2015-06-26,CDLCLOSINGMARUBOZU,-100
2015-06-26,CDLLONGLINE,-100
2015-06-29,CDLLONGLINE,-100
2015-06-29,CDLBELTHOLD,-100
2015-06-29,CDLMARUBOZU,-100
2015-06-29,CDLCLOSINGMARUBOZU,-100
2015-06-30,CDLSHORTLINE,-100
2015-07-01,CDLHANGINGMAN,-100
2015-07-02,CDLGRAVESTONEDOJI,100
2015-07-02,CDLINVERTEDHAMMER,100
2015-07-02,CDLLONGLEGGEDDOJI,100
2015-07-02,CDLDOJI,100
2015-07-03,CDLDOJI,100
2015-07-03,CDLLONGLEGGEDDOJI,100
2015-07-03,CDLINVERTEDHAMMER,100
2015-07-03,CDLHIKKAKE,100
2015-07-03,CDLGRAVESTONEDOJI,100
2015-07-06,CDLDOJI,100
2015-07-06,CDLSHORTLINE,100
2015-07-07,CDLSHORTLINE,-100
2015-07-08,CDLSHORTLINE,100
2015-07-08,CDLDOJI,100
2015-07-09,CDLCLOSINGMARUBOZU,100
2015-07-10,CDLSHORTLINE,100
2015-07-10,CDLDOJI,100
2015-07-13,CDLSHORTLINE,100
2015-07-13,CDLDOJI,100
2015-07-14,CDLDOJI,100
2015-07-14,CDLSHORTLINE,100
2015-07-15,CDLTRISTAR,100
2015-07-15,CDLDOJI,100
2015-07-15,CDLSHORTLINE,100
2015-07-16,CDLGAPSIDESIDEWHITE,100
2015-07-16,CDLDOJI,100
2015-07-16,CDLSHORTLINE,100
2015-07-17,CDLENGULFING,-100
2015-07-17,CDLLONGLINE,-100
2015-07-17,CDLBELTHOLD,-100
2015-07-17,CDLMARUBOZU,-100
2015-07-17,CDLCLOSINGMARUBOZU,-100
2015-07-20,CDLCLOSINGMARUBOZU,-100
2015-07-20,CDLBELTHOLD,-100
2015-07-20,CDLMARUBOZU,-100
2015-07-20,CDLLONGLINE,-100
2015-07-20,CDL3OUTSIDE,-100
2015-07-21,CDL3BLACKCROWS,-100
2015-07-21,CDLCLOSINGMARUBOZU,-100
2015-07-21,CDLLONGLINE,-100
2015-07-21,CDLMARUBOZU,-100
2015-07-21,CDLBELTHOLD,-100
2015-07-22,CDLCLOSINGMARUBOZU,100
2015-07-22,CDLMARUBOZU,100
2015-07-22,CDLBELTHOLD,100
2015-07-22,CDLLONGLINE,100
2015-07-23,CDLSHORTLINE,-100
2015-07-24,CDLBELTHOLD,-100
2015-07-24,CDLCLOSINGMARUBOZU,-100
2015-07-24,CDLMARUBOZU,-100
2015-07-27,CDLHOMINGPIGEON,100
2015-07-27,CDLHAMMER,100
2015-07-27,CDLHARAMI,100
2015-07-28,CDLUNIQUE3RIVER,100
2015-07-28,CDLSHORTLINE,100
2015-07-28,CDLDOJI,100
2015-07-29,CDLDOJI,100
2015-07-29,CDLSHORTLINE,100
2015-07-30,CDLTRISTAR,-100
2015-07-30,CDLDOJI,100
2015-07-30,CDLSHORTLINE,100
2015-07-31,CDLDOJI,100
2015-07-31,CDLTRISTAR,100
2015-07-31,CDLSHORTLINE,100
2015-08-03,CDLSHORTLINE,100
2015-08-03,CDLDOJI,100
2015-08-04,CDLTRISTAR,-100
2015-08-04,CDLDOJI,100
2015-08-04,CDLSHORTLINE,100
2015-08-05,CDLSHORTLINE,100
2015-08-05,CDLDOJI,100
2015-08-05,CDLGAPSIDESIDEWHITE,-100
2015-08-06,CDLDOJI,100
2015-08-06,CDLSHORTLINE,100
2015-08-07,CDLDOJI,100
2015-08-07,CDLSHORTLINE,100
2015-08-10,CDLLONGLINE,100
2015-08-10,CDLCLOSINGMARUBOZU,100
2015-08-10,CDLMARUBOZU,100
2015-08-10,CDLBELTHOLD,100
2015-08-11,CDLBELTHOLD,100
2015-08-11,CDLCLOSINGMARUBOZU,100
2015-08-11,CDLMARUBOZU,100
2015-08-12,CDLDOJI,100
2015-08-12,CDLDOJISTAR,-100
2015-08-13,CDLDOJI,100
2015-08-13,CDLGAPSIDESIDEWHITE,100
2015-08-14,CDLDOJI,100
2015-08-17,CDLGAPSIDESIDEWHITE,-100
2015-08-17,CDLDOJI,100
2015-08-18,CDLDOJI,100
2015-08-19,CDLCLOSINGMARUBOZU,100
2015-08-20,CDLDOJI,100
2015-08-20,CDLDOJISTAR,-100
2015-08-20,CDLSHORTLINE,100
2015-08-21,CDLSHORTLINE,100
2015-08-21,CDLDOJI,100
2015-08-21,CDLGAPSIDESIDEWHITE,100
2015-08-24,CDLDOJI,100
2015-08-24,CDLSHORTLINE,100
2015-08-25,CDLDOJI,100
2015-08-25,CDLGRAVESTONEDOJI,100
2015-08-25,CDLINVERTEDHAMMER,100
2015-08-25,CDLLONGLEGGEDDOJI,100
2015-08-26,CDLSHORTLINE,100
2015-08-26,CDLDOJI,100
2015-08-26,CDLTRISTAR,100
2015-08-27,CDLBELTHOLD,100
2015-08-28,CDLSHORTLINE,-100
2015-08-31,CDLHIKKAKE,-100
2015-09-01,CDLHARAMI,-100
2015-09-02,CDLSHORTLINE,100
2015-09-02,CDLDOJI,100
2015-09-03,CDLHIKKAKE,-100
2015-09-03,CDLSHORTLINE,100
2015-09-03,CDLDOJI,100
2015-09-04,CDLLONGLINE,-100
2015-09-04,CDLBELTHOLD,-100
2015-09-04,CDLMARUBOZU,-100
2015-09-04,CDLCLOSINGMARUBOZU,-100
2015-09-07,CDLCLOSINGMARUBOZU,-100
2015-09-07,CDLMARUBOZU,-100
2015-09-07,CDLLONGLINE,-100
2015-09-07,CDLBELTHOLD,-100
2015-09-08,CDLDOJI,100
2015-09-08,CDLSHORTLINE,100
2015-09-09,CDLBELTHOLD,100
2015-09-09,CDLLONGLINE,100
2015-09-09,CDLMARUBOZU,100
2015-09-09,CDLCLOSINGMARUBOZU,100
2015-09-10,CDLDOJI,100
2015-09-10,CDLSHORTLINE,100
2015-09-11,CDLSHORTLINE,100
2015-09-11,CDLDOJI,100
2015-09-14,CDLCLOSINGMARUBOZU,-100
2015-09-14,CDLLONGLINE,-100
2015-09-14,CDLMARUBOZU,-100
2015-09-14,CDLBELTHOLD,-100
2015-09-14,CDLENGULFING,-100
2015-09-15,CDLDOJI,100
2015-09-15,CDLHARAMI,100
2015-09-15,CDLSHORTLINE,100
2015-09-15,CDLHARAMICROSS,100
2015-09-16,CDLDOJI,100
2015-09-16,CDLSHORTLINE,100
2015-09-17,CDLSHORTLINE,100
2015-09-17,CDLDOJI,100
2015-09-18,CDLTRISTAR,-100
2015-09-18,CDLSHORTLINE,100
2015-09-18,CDLDOJI,100
2015-09-21,CDLLONGLINE,100
2015-09-21,CDLBELTHOLD,100
2015-09-21,CDLMARUBOZU,100
2015-09-21,CDLCLOSINGMARUBOZU,100
2015-09-22,CDLCLOSINGMARUBOZU,100
2015-09-23,CDLDOJI,100
2015-09-23,CDLHARAMICROSS,-100
2015-09-23,CDLHARAMI,-100
2015-09-23,CDLSHORTLINE,100
2015-09-24,CDLLONGLINE,100
2015-09-24,CDLMARUBOZU,100
2015-09-24,CDLCLOSINGMARUBOZU,100
2015-09-24,CDLBELTHOLD,100
2015-09-24,CDLHIKKAKE,100
2015-09-25,CDLSHORTLINE,100
2015-09-25,CDLHIKKAKE,200
2015-09-25,CDLDOJISTAR,-100
2015-09-25,CDLDOJI,100
2015-09-29,CDLSHORTLINE,100
2015-09-29,CDLDOJI,100
2015-09-29,CDLGAPSIDESIDEWHITE,100
2015-09-30,CDLSHORTLINE,-100
2015-10-01,CDLMARUBOZU,-100
2015-10-01,CDLLONGLINE,-100
2015-10-01,CDLCLOSINGMARUBOZU,-100
2015-10-01,CDLBELTHOLD,-100
2015-10-02,CDLSHORTLINE,100
2015-10-02,CDLHARAMI,100
2015-10-02,CDLHARAMICROSS,100
2015-10-02,CDLDOJI,100
2015-10-05,CDLDOJI,100
2015-10-05,CDLSHORTLINE,100
2015-10-06,CDLDOJI,100
2015-10-06,CDLSHORTLINE,100
2015-10-07,CDLGAPSIDESIDEWHITE,-100
2015-10-07,CDLSHORTLINE,100
2015-10-07,CDLDOJI,100
2015-10-08,CDLDOJI,100
2015-10-12,CDLDOJI,100
2015-10-12,CDLGAPSIDESIDEWHITE,100
2015-10-13,CDLDOJI,100
2015-10-14,CDLGAPSIDESIDEWHITE,-100
2015-10-14,CDLDOJI,100
2015-10-15,CDLDOJI,100
2015-10-16,CDLDOJI,100
2015-10-19,CDLTRISTAR,100
2015-10-19,CDLDOJI,100
2015-10-20,CDLDOJI,100
2015-10-20,CDLGAPSIDESIDEWHITE,100
2015-10-21,CDLDOJI,100
2015-10-22,CDLDOJI,100
2015-10-22,CDLGAPSIDESIDEWHITE,-100
2015-10-23,CDLDOJI,100
2015-10-26,CDLDOJI,100
2015-10-27,CDLDOJI,100
2015-10-28,CDLDOJI,100
2015-10-29,CDLDOJI,100
2015-10-29,CDLGAPSIDESIDEWHITE,-100
2015-10-30,CDLDOJI,100
2015-11-02,CDLDOJI,100
2015-11-04,CDLDOJI,100
2015-11-04,CDLDOJISTAR,-100
2015-11-05,CDLSEPARATINGLINES,-100
2015-11-05,CDLBELTHOLD,-100
2015-11-06,CDLBELTHOLD,-100
2015-11-09,CDLDOJI,100
2015-11-09,CDLSHORTLINE,100
2015-11-10,CDLENGULFING,-100
2015-11-10,CDLBELTHOLD,-100
2015-11-11,CDLDOJI,100
2015-11-11,CDLSHORTLINE,100
2015-11-12,CDLSHORTLINE,100
2015-11-12,CDLDOJI,100
2015-11-12,CDLHIKKAKE,100
2015-11-13,CDLGAPSIDESIDEWHITE,-100
2015-11-13,CDLSHORTLINE,100
2015-11-13,CDLDOJI,100
2015-11-16,CDLDOJI,100
2015-11-16,CDLSHORTLINE,100
2015-11-17,CDLTRISTAR,100
2015-11-17,CDLSHORTLINE,100
2015-11-17,CDLHIKKAKE,200
2015-11-17,CDLDOJI,100
2015-11-18,CDLCLOSINGMARUBOZU,100
2015-11-18,CDLMARUBOZU,100
2015-11-18,CDLBELTHOLD,100
2015-11-18,CDLLONGLINE,100
2015-11-19,CDLBELTHOLD,100
2015-11-19,CDLLONGLINE,100
2015-11-19,CDLMARUBOZU,100
2015-11-19,CDLCLOSINGMARUBOZU,100
2015-11-20,CDLSHORTLINE,100
2015-11-20,CDLDOJI,100
2015-11-23,CDLSHORTLINE,-100
2015-11-23,CDLHAMMER,100
2015-11-23,CDLDOJI,100
2015-11-23,CDLLONGLEGGEDDOJI,100
2015-11-24,CDLINVERTEDHAMMER,100
2015-11-25,CDLCLOSINGMARUBOZU,100
2015-11-26,CDLDOJISTAR,-100
2015-11-26,CDLDOJI,100
2015-11-26,CDLSHORTLINE,100
2015-11-27,CDLTAKURI,100
2015-11-27,CDLHANGINGMAN,-100
2015-11-27,CDLLONGLEGGEDDOJI,100
2015-11-27,CDLDRAGONFLYDOJI,100
2015-11-27,CDLDOJI,100
2015-11-30,CDLGAPSIDESIDEWHITE,100
2015-11-30,CDLSHORTLINE,100
2015-11-30,CDLDOJI,100
2015-12-01,CDLSHORTLINE,100
2015-12-01,CDLDOJI,100
2015-12-02,CDLSHORTLINE,100
2015-12-02,CDLDOJI,100
2015-12-03,CDLSHORTLINE,100
2015-12-03,CDLDOJI,100
2015-12-04,CDLSHORTLINE,100
2015-12-04,CDLDOJI,100
2015-12-07,CDLCLOSINGMARUBOZU,100
2015-12-07,CDLMARUBOZU,100
2015-12-07,CDLLONGLINE,100
2015-12-07,CDLBELTHOLD,100
2015-12-08,CDLMARUBOZU,100
2015-12-08,CDLLONGLINE,100
2015-12-08,CDLBELTHOLD,100
2015-12-08,CDLCLOSINGMARUBOZU,100
2015-12-09,CDLCLOSINGMARUBOZU,100
2015-12-09,CDLMARUBOZU,100
2015-12-09,CDLBELTHOLD,100
2015-12-09,CDLLONGLINE,100
2015-12-10,CDLLONGLINE,100
2015-12-10,CDLCLOSINGMARUBOZU,100
2015-12-10,CDLBELTHOLD,100
2015-12-10,CDLMARUBOZU,100
2015-12-11,CDLLONGLINE,100
2015-12-11,CDLBELTHOLD,100
2015-12-11,CDLCLOSINGMARUBOZU,100
2015-12-11,CDLMARUBOZU,100
2015-12-14,CDLDOJI,100
2015-12-14,CDLSHORTLINE,100
2015-12-15,CDLBELTHOLD,100
2015-12-15,CDLLONGLINE,100
2015-12-15,CDLCLOSINGMARUBOZU,100
2015-12-15,CDLMARUBOZU,100
2015-12-16,CDLHARAMI,-100
2015-12-17,CDLSHORTLINE,100
2015-12-18,CDLHIKKAKE,-100
2015-12-18,CDLCLOSINGMARUBOZU,100
2015-12-22,CDLHIKKAKE,-100
2015-12-22,CDLSHORTLINE,-100
2015-12-23,CDLHANGINGMAN,-100
2015-12-24,CDLSHORTLINE,-100
2015-12-25,CDLCLOSINGMARUBOZU,100
2015-12-25,CDLMARUBOZU,100
2015-12-25,CDLLONGLINE,100
2015-12-25,CDLBELTHOLD,100
2015-12-28,CDLDOJI,100
2015-12-28,CDLSHORTLINE,100
2015-12-29,CDLSHORTLINE,100
2015-12-30,CDLHANGINGMAN,-100
2015-12-31,CDLDOJI,100
2015-12-31,CDLSHORTLINE,100
2016-01-04,CDLSHORTLINE,100
2016-01-04,CDLDOJI,100
2016-01-05,CDLDOJI,100
2016-01-05,CDLGAPSIDESIDEWHITE,100
2016-01-05,CDLSHORTLINE,100
2016-01-06,CDLDOJI,100
2016-01-06,CDLSHORTLINE,100
2016-01-07,CDLDOJI,100
2016-01-07,CDLSHORTLINE,100
2016-01-08,CDLSHORTLINE,100
2016-01-08,CDLDOJI,100
2016-01-11,CDLGAPSIDESIDEWHITE,100
2016-01-11,CDLSHORTLINE,100
2016-01-11,CDLDOJI,100
2016-01-12,CDLSHORTLINE,100
2016-01-12,CDLDOJI,100
2016-01-13,CDLSHORTLINE,100
2016-01-13,CDLDOJI,100
2016-01-14,CDLDOJI,100
2016-01-14,CDLSHORTLINE,100
2016-01-18,CDLDOJI,100
2016-01-19,CDLDOJI,100
2016-01-20,CDLDOJI,100
2016-01-21,CDLDOJI,100
2016-01-21,CDLGAPSIDESIDEWHITE,-100
2016-01-22,CDLDOJI,100
2016-01-25,CDLDOJI,100
2016-01-26,CDLDOJI,100
2016-01-26,CDLGAPSIDESIDEWHITE,100
2016-01-27,CDLDOJI,100
2016-01-28,CDLGAPSIDESIDEWHITE,-100
2016-01-28,CDLDOJI,100
2016-01-29,CDLDOJI,100
2016-02-01,CDLDOJI,100
2016-02-01,CDLTRISTAR,100
2016-02-02,CDLDOJI,100
2016-02-02,CDLGAPSIDESIDEWHITE,100
2016-02-03,CDLDOJI,100
2016-02-16,CDLBELTHOLD,-100
2016-02-16,CDLDARKCLOUDCOVER,-100
2016-02-17,CDLSHORTLINE,100
2016-02-17,CDLHARAMI,100
2016-02-17,CDLDOJI,100
2016-02-17,CDLHARAMICROSS,100
2016-02-18,CDLSHORTLINE,100
2016-02-18,CDLDOJI,100
2016-02-19,CDLSHORTLINE,100
2016-02-19,CDLDOJI,100
2016-02-22,CDLMARUBOZU,100
2016-02-22,CDLLONGLINE,100
2016-02-22,CDLBELTHOLD,100
2016-02-22,CDLCLOSINGMARUBOZU,100
2016-02-23,CDLBELTHOLD,-100
2016-02-24,CDLSHORTLINE,100
2016-02-24,CDLHARAMI,100
2016-02-24,CDLHARAMICROSS,100
2016-02-24,CDLDOJI,100
2016-02-25,CDLDOJI,100
2016-02-25,CDLSHORTLINE,100
2016-02-26,CDLCLOSINGMARUBOZU,-100
2016-02-26,CDLBELTHOLD,-100
2016-02-26,CDLMARUBOZU,-100
2016-02-26,CDLLONGLINE,-100
2016-03-01,CDLSHORTLINE,-100
2016-03-01,CDLHARAMI,100
2016-03-01,CDLHOMINGPIGEON,100
2016-03-02,CDLHIKKAKE,100
2016-03-02,CDLHAMMER,100
2016-03-03,CDLMARUBOZU,100
2016-03-03,CDLLONGLINE,100
2016-03-03,CDLHIKKAKE,200
2016-03-03,CDLCLOSINGMARUBOZU,100
2016-03-03,CDLBELTHOLD,100
2016-03-04,CDLSHORTLINE,100
2016-03-04,CDLHARAMI,-100
2016-03-07,CDLSHORTLINE,100
2016-03-07,CDLDOJI,100
2016-03-07,CDLHIKKAKE,-100
2016-03-08,CDLSHORTLINE,100
2016-03-09,CDLGAPSIDESIDEWHITE,-100
2016-03-09,CDLSHORTLINE,100
2016-03-10,CDLSHORTLINE,100
2016-03-10,CDLDOJI,100
2016-03-11,CDLSHORTLINE,100
2016-03-11,CDLDOJI,100
2016-03-14,CDLBELTHOLD,100
2016-03-14,CDLLONGLINE,100
2016-03-14,CDLMARUBOZU,100
2016-03-14,CDLCLOSINGMARUBOZU,100
2016-03-15,CDLSHORTLINE,100
2016-03-15,CDLDOJI,100
2016-03-15,CDLDOJISTAR,-100
2016-03-16,CDLSHORTLINE,100
2016-03-17,CDLSHORTLINE,-100
2016-03-18,CDLDOJI,100
2016-03-21,CDLCLOSINGMARUBOZU,100
2016-03-22,CDLBELTHOLD,100
2016-03-22,CDLCLOSINGMARUBOZU,100
2016-03-22,CDLMARUBOZU,100
2016-03-22,CDLLONGLINE,100
2016-03-23,CDLCLOSINGMARUBOZU,100
2016-03-24,CDLBELTHOLD,-100
2016-03-25,CDLSHORTLINE,100
2016-03-25,CDLDOJI,100
2016-03-28,CDLMARUBOZU,100
2016-03-28,CDLBELTHOLD,100
2016-03-28,CDLHIKKAKE,100
2016-03-28,CDLLONGLINE,100
2016-03-28,CDLCLOSINGMARUBOZU,100
2016-03-29,CDLDOJI,100
2016-03-29,CDLSHORTLINE,100
2016-03-29,CDLDOJISTAR,-100
2016-03-30,CDLHIKKAKE,200
2016-03-30,CDLBELTHOLD,100
2016-03-31,CDLDOJI,100
2016-03-31,CDLSHORTLINE,100
2016-03-31,CDLDOJISTAR,-100
2016-04-01,CDLSHORTLINE,-100
2016-04-06,CDLCLOSINGMARUBOZU,-100
2016-04-06,CDLBELTHOLD,-100
2016-04-06,CDLMARUBOZU,-100
2016-04-06,CDLLONGLINE,-100
2016-04-07,CDLHOMINGPIGEON,100
2016-04-07,CDLHARAMI,100
2016-04-08,CDLUNIQUE3RIVER,100
2016-04-08,CDLSHORTLINE,100
2016-04-08,CDLDOJI,100
2016-04-11,CDLSHORTLINE,100
2016-04-11,CDLDOJI,100
2016-04-12,CDLLONGLINE,100
2016-04-12,CDLCLOSINGMARUBOZU,100
2016-04-13,CDLCLOSINGMARUBOZU,-100
2016-04-13,CDLMARUBOZU,-100
2016-04-13,CDLBELTHOLD,-100
2016-04-13,CDLLONGLINE,-100
2016-04-14,CDLCLOSINGMARUBOZU,-100
2016-04-14,CDLBELTHOLD,-100
2016-04-14,CDLLONGLINE,-100
2016-04-14,CDLMATCHINGLOW,100
2016-04-14,CDLMARUBOZU,-100
2016-04-15,CDLMARUBOZU,100
2016-04-15,CDLCLOSINGMARUBOZU,100
2016-04-15,CDLONNECK,-100
2016-04-15,CDLINNECK,-100
2016-04-15,CDLBELTHOLD,100
2016-04-15,CDLLONGLINE,100
2016-04-15,CDLCOUNTERATTACK,100
2016-04-18,CDLSHORTLINE,100
2016-04-18,CDLDOJI,100
2016-04-19,CDLCLOSINGMARUBOZU,100
2016-04-20,CDLBELTHOLD,-100
2016-04-20,CDLLONGLINE,-100
2016-04-20,CDLMARUBOZU,-100
2016-04-20,CDLCLOSINGMARUBOZU,-100
2016-04-20,CDLENGULFING,-100
2016-04-21,CDLHOMINGPIGEON,100
2016-04-21,CDLHARAMI,100
2016-04-22,CDLSHORTLINE,100
2016-04-22,CDLDOJI,100
2016-04-25,CDLSHORTLINE,100
2016-04-26,CDLSHORTLINE,100
2016-04-27,CDLSHORTLINE,100
2016-04-27,CDLDOJI,100
2016-04-28,CDLDOJI,100
2016-04-28,CDLSHORTLINE,100
2016-04-29,CDLDOJI,100
2016-04-29,CDLSHORTLINE,100
2016-05-03,CDLCLOSINGMARUBOZU,100
2016-05-03,CDLMARUBOZU,100
2016-05-03,CDLLONGLINE,100
2016-05-03,CDLBELTHOLD,100
2016-05-04,CDLHARAMICROSS,-100
2016-05-04,CDLHARAMI,-100
2016-05-04,CDLDOJI,100
2016-05-04,CDLSHORTLINE,100
2016-05-05,CDLSHORTLINE,100
2016-05-05,CDLDOJI,100
2016-05-06,CDLENGULFING,-100
2016-05-06,CDLBELTHOLD,-100
2016-05-09,CDLDRAGONFLYDOJI,100
2016-05-09,CDL3OUTSIDE,-100
2016-05-09,CDLTAKURI,100
2016-05-09,CDLLONGLEGGEDDOJI,100
2016-05-09,CDLDOJI,100
2016-05-10,CDLHANGINGMAN,-100
2016-05-10,CDLHIKKAKE,-100
2016-05-11,CDLSHORTLINE,100
2016-05-11,CDLDOJI,100
2016-05-12,CDLDOJI,100
2016-05-12,CDLSHORTLINE,100
2016-05-13,CDLHIKKAKE,-100
2016-05-13,CDLBELTHOLD,100
2016-05-13,CDLLONGLINE,100
2016-05-13,CDLHIKKAKEMOD,-100
2016-05-13,CDLMARUBOZU,100
2016-05-13,CDLCLOSINGMARUBOZU,100
2016-05-16,CDLBELTHOLD,100
2016-05-16,CDLHIKKAKEMOD,-200
2016-05-16,CDLHIKKAKE,-200
2016-05-17,CDLDOJISTAR,-100
2016-05-17,CDLSHORTLINE,100
2016-05-17,CDLDOJI,100
2016-05-18,CDLSHORTLINE,100
2016-05-18,CDLDOJI,100
2016-05-19,CDLLONGLINE,100
2016-05-19,CDLMARUBOZU,100
2016-05-19,CDLBELTHOLD,100
2016-05-19,CDLCLOSINGMARUBOZU,100
2016-05-20,CDLDOJI,100
2016-05-20,CDLSHORTLINE,100
2016-05-23,CDLMARUBOZU,100
2016-05-23,CDLLONGLINE,100
2016-05-23,CDLCLOSINGMARUBOZU,100
2016-05-23,CDLBELTHOLD,100
2016-05-24,CDLDOJI,100
2016-05-24,CDLDOJISTAR,-100
2016-05-24,CDLSHORTLINE,100
2016-05-25,CDLSEPARATINGLINES,-100
2016-05-25,CDLLONGLINE,-100
2016-05-25,CDLBELTHOLD,-100
2016-05-25,CDLCLOSINGMARUBOZU,-100
2016-05-25,CDLMARUBOZU,-100
2016-05-25,CDLEVENINGSTAR,-100
2016-05-25,CDLEVENINGDOJISTAR,-100
2016-05-26,CDLSHORTLINE,100
2016-05-26,CDLDOJI,100
2016-05-27,CDLDOJI,100
2016-05-27,CDLSHORTLINE,100
2016-05-30,CDLSHORTLINE,100
2016-05-30,CDLDOJI,100
2016-05-31,CDLCLOSINGMARUBOZU,100
2016-05-31,CDLMARUBOZU,100
2016-05-31,CDLBELTHOLD,100
2016-05-31,CDLLONGLINE,100
2016-06-01,CDLSHORTLINE,100
2016-06-01,CDLDOJI,100
2016-06-02,CDLDOJI,100
2016-06-02,CDLSHORTLINE,100
2016-06-03,CDLDOJI,100
2016-06-03,CDLSHORTLINE,100
2016-06-06,CDLDOJI,100
2016-06-06,CDLSHORTLINE,100
2016-06-07,CDLMARUBOZU,-100
2016-06-07,CDLSEPARATINGLINES,-100
2016-06-07,CDLBELTHOLD,-100
2016-06-07,CDLCLOSINGMARUBOZU,-100
2016-06-08,CDLHARAMI,100
2016-06-08,CDLHOMINGPIGEON,100
2016-06-13,CDLHIKKAKE,100
2016-06-13,CDLCLOSINGMARUBOZU,100
2016-06-14,CDLSHORTLINE,100
2016-06-14,CDLDOJISTAR,-100
2016-06-14,CDLDOJI,100
2016-06-16,CDLMARUBOZU,100
2016-06-16,CDLBELTHOLD,100
2016-06-16,CDLLONGLINE,100
2016-06-16,CDLCLOSINGMARUBOZU,100
2016-06-17,CDLMARUBOZU,100
2016-06-17,CDLLONGLINE,100
2016-06-17,CDLBELTHOLD,100
2016-06-17,CDLCLOSINGMARUBOZU,100
2016-06-20,CDLLONGLINE,100
2016-06-20,CDLCLOSINGMARUBOZU,100
2016-06-20,CDLBELTHOLD,100
2016-06-20,CDLMARUBOZU,100
2016-06-21,CDLSHORTLINE,100
2016-06-22,CDLCLOSINGMARUBOZU,100
2016-06-22,CDLBELTHOLD,100
2016-06-22,CDLMARUBOZU,100
2016-06-22,CDLLONGLINE,100
2016-06-23,CDLSHORTLINE,100
2016-06-24,CDLDOJI,100
2016-06-24,CDLSHORTLINE,100
2016-06-27,CDLBELTHOLD,-100
2016-06-28,CDLSHORTLINE,-100
2016-06-28,CDLHOMINGPIGEON,100
2016-06-28,CDLHARAMI,100
2016-06-29,CDLHANGINGMAN,-100
2016-06-30,CDLINVERTEDHAMMER,100
2016-07-01,CDLINVERTEDHAMMER,100
2016-07-01,CDLHIKKAKE,100
2016-07-04,CDLSHORTLINE,100
2016-07-05,CDLSHORTLINE,-100
2016-07-06,CDLDOJI,100
2016-07-06,CDLSHORTLINE,100
2016-07-07,CDLDOJI,100
2016-07-07,CDLSHORTLINE,100
2016-07-08,CDLSHORTLINE,100
2016-07-08,CDLDOJI,100
2016-07-08,CDLGAPSIDESIDEWHITE,100
2016-07-11,CDLCLOSINGMARUBOZU,100
2016-07-12,CDLDOJI,100
2016-07-12,CDLSHORTLINE,100
2016-07-13,CDLENGULFING,-100
2016-07-13,CDLBELTHOLD,-100
2016-07-14,CDL3OUTSIDE,-100
2016-07-14,CDLDOJISTAR,100
2016-07-14,CDLSHORTLINE,100
2016-07-14,CDLDOJI,100
2016-07-15,CDLCLOSINGMARUBOZU,100
2016-07-15,CDLHIKKAKE,100
2016-07-15,CDLBELTHOLD,100
2016-07-15,CDLMARUBOZU,100
2016-07-15,CDLLONGLINE,100
2016-07-18,CDLBELTHOLD,100
2016-07-18,CDLCLOSINGMARUBOZU,100
2016-07-18,CDLMARUBOZU,100
2016-07-18,CDLLONGLINE,100
2016-07-19,CDLBELTHOLD,100
2016-07-19,CDLLONGLINE,100
2016-07-19,CDLCLOSINGMARUBOZU,100
2016-07-19,CDLMARUBOZU,100
2016-07-20,CDLSHORTLINE,100
2016-07-20,CDLDOJI,100
2016-07-20,CDLHARAMI,-100
2016-07-20,CDLHARAMICROSS,-100
2016-07-21,CDLBELTHOLD,100
2016-07-21,CDLMARUBOZU,100
2016-07-21,CDLCLOSINGMARUBOZU,100
2016-07-21,CDLLONGLINE,100
2016-07-22,CDLSHORTLINE,100
2016-07-22,CDLDOJI,100
2016-07-25,CDLBELTHOLD,-100
2016-07-26,CDLDOJI,100
2016-07-26,CDLSHORTLINE,100
2016-07-27,CDLSHORTLINE,100
2016-07-27,CDLDOJI,100
2016-07-28,CDLSHORTLINE,100
2016-07-28,CDLDOJI,100
2016-07-29,CDLSHORTLINE,100
2016-08-01,CDLBELTHOLD,100
2016-08-02,CDLSHORTLINE,100
2016-08-02,CDLDOJI,100
2016-08-03,CDLSHORTLINE,100
2016-08-03,CDLDOJI,100
2016-08-03,CDLHIKKAKE,-100
2016-08-04,CDLMARUBOZU,100
2016-08-04,CDLLONGLINE,100
2016-08-04,CDLBELTHOLD,100
2016-08-04,CDLCLOSINGMARUBOZU,100
2016-08-05,CDLDOJI,100
2016-08-05,CDLSHORTLINE,100
2016-08-08,CDLSHORTLINE,-100
2016-08-09,CDLDOJI,100
2016-08-09,CDLSHORTLINE,100
2016-08-10,CDLDOJI,100
2016-08-10,CDLSHORTLINE,100
2016-08-11,CDLTRISTAR,-100
2016-08-11,CDLDOJI,100
2016-08-11,CDLSHORTLINE,100
2016-08-12,CDLDOJI,100
2016-08-12,CDLSHORTLINE,100
2016-08-12,CDLGAPSIDESIDEWHITE,-100
2016-08-15,CDLCLOSINGMARUBOZU,100
2016-08-15,CDLMARUBOZU,100
2016-08-15,CDLBELTHOLD,100
2016-08-15,CDLLONGLINE,100
2016-08-16,CDLDOJI,100
2016-08-17,CDLDOJI,100
2016-08-18,CDLDOJI,100
2016-08-19,CDLDOJI,100
2016-08-22,CDLCLOSINGMARUBOZU,100
2016-08-23,CDLDOJI,100
2016-08-23,CDLSHORTLINE,100
2016-08-24,CDLMARUBOZU,-100
2016-08-24,CDLBELTHOLD,-100
2016-08-24,CDLSEPARATINGLINES,-100
2016-08-24,CDLLONGLINE,-100
2016-08-24,CDLCLOSINGMARUBOZU,-100
2016-08-25,CDLBELTHOLD,100
2016-08-26,CDLSHORTLINE,100
2016-08-26,CDLDOJI,100
2016-08-26,CDLHARAMI,-100
2016-08-26,CDLHARAMICROSS,-100
2016-08-29,CDLSHORTLINE,-100
2016-08-30,CDLCLOSINGMARUBOZU,100
2016-08-30,CDLLONGLINE,100
2016-08-30,CDLBELTHOLD,100
2016-08-30,CDLMARUBOZU,100
2016-08-31,CDLDOJI,100
2016-08-31,CDLSHORTLINE,100
2016-09-01,CDLSHORTLINE,100
2016-09-01,CDLDOJI,100
2016-09-02,CDLSHORTLINE,100
2016-09-02,CDLGAPSIDESIDEWHITE,-100
2016-09-02,CDLDOJI,100
2016-09-05,CDLSHORTLINE,100
2016-09-05,CDLDOJI,100
2016-09-07,CDLDOJI,100
2016-09-07,CDLDOJISTAR,-100
2016-09-07,CDLSHORTLINE,100
2016-09-08,CDLDOJI,100
2016-09-08,CDLSHORTLINE,100
2016-09-08,CDLGAPSIDESIDEWHITE,100
2016-09-09,CDLDOJI,100
2016-09-09,CDLSHORTLINE,100
2016-09-12,CDLCLOSINGMARUBOZU,-100
2016-09-12,CDLBELTHOLD,-100
2016-09-12,CDLLONGLINE,-100
2016-09-12,CDLMARUBOZU,-100
2016-09-13,CDLHARAMI,100
2016-09-13,CDLDOJI,100
2016-09-13,CDLSHORTLINE,100
2016-09-13,CDLHARAMICROSS,100
2016-09-14,CDLDOJI,100
2016-09-14,CDLSHORTLINE,100
2016-09-19,CDLSHORTLINE,100
2016-09-19,CDLDOJI,100
2016-09-20,CDLDOJI,100
2016-09-20,CDLSHORTLINE,100
2016-09-20,CDLGAPSIDESIDEWHITE,100
2016-09-21,CDLBELTHOLD,100
2016-09-22,CDLMARUBOZU,100
2016-09-22,CDLCLOSINGMARUBOZU,100
2016-09-22,CDLLONGLINE,100
2016-09-22,CDLBELTHOLD,100
2016-09-23,CDLSHORTLINE,100
2016-09-23,CDLHARAMICROSS,-100
2016-09-23,CDLHARAMI,-100
2016-09-23,CDLDOJI,100
2016-09-26,CDLDOJI,100
2016-09-26,CDLSHORTLINE,100
2016-09-27,CDLSHORTLINE,100
2016-09-27,CDLDOJI,100
2016-09-28,CDLSHORTLINE,100
2016-09-28,CDLDOJI,100
2016-09-29,CDLDOJI,100
2016-09-29,CDLSHORTLINE,100
2016-09-30,CDLSHORTLINE,100
2016-09-30,CDLDOJI,100
2016-09-30,CDLGAPSIDESIDEWHITE,-100
2016-10-03,CDLSHORTLINE,100
2016-10-03,CDLDOJI,100
2016-10-04,CDLDOJI,100
2016-10-04,CDLSHORTLINE,100
2016-10-05,CDLSHORTLINE,100
2016-10-05,CDLDOJI,100
2016-10-06,CDLGAPSIDESIDEWHITE,-100
2016-10-06,CDLDOJI,100
2016-10-07,CDLDOJI,100
2016-10-11,CDLDOJI,100
2016-10-13,CDLDOJI,100
2016-10-14,CDLDOJI,100
2016-10-17,CDLDOJI,100
2016-10-18,CDLDOJI,100
2016-10-19,CDLDOJI,100
2016-10-20,CDLDOJI,100
2016-10-21,CDLBELTHOLD,100
2016-10-21,CDLCLOSINGMARUBOZU,100
2016-10-21,CDLMARUBOZU,100
2016-10-24,CDLDOJI,100
2016-10-25,CDLDOJI,100
2016-10-26,CDLDOJI,100
2016-10-27,CDLMARUBOZU,-100
2016-10-27,CDLCLOSINGMARUBOZU,-100
2016-10-27,CDLBELTHOLD,-100
2016-10-28,CDLDOJISTAR,100
2016-10-28,CDLDOJI,100
2016-10-31,CDLGAPSIDESIDEWHITE,-100
2016-10-31,CDLDOJI,100
2016-11-01,CDLDOJI,100
2016-11-02,CDLDOJI,100
2016-11-03,CDLDOJI,100
2016-11-04,CDLBELTHOLD,-100
2016-11-04,CDLMARUBOZU,-100
2016-11-04,CDLCLOSINGMARUBOZU,-100
2016-11-07,CDLDOJI,100
2016-11-08,CDLCLOSINGMARUBOZU,100
2016-11-09,CDLENGULFING,-100
2016-11-09,CDLBELTHOLD,-100
2016-11-10,CDLDOJI,100
2016-11-10,CDLHARAMI,100
2016-11-10,CDLSHORTLINE,100
2016-11-10,CDLHARAMICROSS,100
2016-11-11,CDL3INSIDE,100
2016-11-11,CDLLONGLINE,100
2016-11-11,CDLBELTHOLD,100
2016-11-11,CDLCLOSINGMARUBOZU,100
2016-11-11,CDLMARUBOZU,100
2016-11-14,CDLSHORTLINE,100
2016-11-14,CDLDOJI,100
2016-11-15,CDLCLOSINGMARUBOZU,-100
2016-11-15,CDLLONGLINE,-100
2016-11-15,CDLENGULFING,-100
2016-11-15,CDLBELTHOLD,-100
2016-11-15,CDLMARUBOZU,-100
2016-11-16,CDLDOJI,100
2016-11-16,CDLSHORTLINE,100
2016-11-17,CDLDOJI,100
2016-11-17,CDLSHORTLINE,100
2016-11-18,CDLDOJI,100
2016-11-18,CDLSHORTLINE,100
2016-11-21,CDLDOJI,100
2016-11-21,CDLSHORTLINE,100
2016-11-22,CDLDOJI,100
2016-11-22,CDLSHORTLINE,100
2016-11-23,CDLSHORTLINE,100
2016-11-23,CDLDOJI,100
2016-11-24,CDLSHORTLINE,100
2016-11-24,CDLDOJI,100
2016-11-25,CDLSHORTLINE,100
2016-11-25,CDLDOJI,100
2016-11-28,CDLHAMMER,100
2016-11-29,CDLCLOSINGMARUBOZU,100
2016-11-29,CDLENGULFING,100
2016-11-30,CDLCLOSINGMARUBOZU,100
2016-12-01,CDLDOJI,100
2016-12-01,CDLSHORTLINE,100
2016-12-02,CDLSHORTLINE,100
2016-12-02,CDLDOJI,100
2016-12-05,CDLSHORTLINE,100
2016-12-06,CDLDOJI,100
2016-12-06,CDLSHORTLINE,100
2016-12-07,CDLDOJI,100
2016-12-07,CDLSHORTLINE,100
2016-12-08,CDLDOJI,100
2016-12-08,CDLSHORTLINE,100
2016-12-09,CDLDOJI,100
2016-12-09,CDLGAPSIDESIDEWHITE,100
2016-12-09,CDLSHORTLINE,100
2016-12-12,CDLDOJI,100
2016-12-12,CDLSHORTLINE,100
2016-12-13,CDLSHORTLINE,100
2016-12-13,CDLDOJI,100
2016-12-14,CDLCLOSINGMARUBOZU,100
2016-12-15,CDLCLOSINGMARUBOZU,100
2016-12-16,CDLDOJI,100
2016-12-16,CDLSHORTLINE,100
2016-12-19,CDLDOJI,100
2016-12-19,CDLSHORTLINE,100
2016-12-20,CDLDOJI,100
2016-12-20,CDLSHORTLINE,100
2016-12-21,CDLCLOSINGMARUBOZU,100
2016-12-22,CDLCLOSINGMARUBOZU,100
2016-12-23,CDLDOJI,100
2016-12-23,CDLSHORTLINE,100
2016-12-26,CDLDOJI,100
2016-12-26,CDLSHORTLINE,100
2016-12-27,CDLSHORTLINE,100
2016-12-27,CDLDOJI,100
2016-12-28,CDLCLOSINGMARUBOZU,100
2016-12-29,CDLBELTHOLD,-100
2016-12-29,CDLENGULFING,-100
2016-12-30,CDLHARAMI,100
2016-12-30,CDLHARAMICROSS,100
2016-12-30,CDLDOJI,100
2016-12-30,CDLSHORTLINE,100
2017-01-03,CDLDOJI,100
2017-01-03,CDLSHORTLINE,100
2017-01-03,CDLHIKKAKE,100
2017-01-04,CDLGAPSIDESIDEWHITE,-100
2017-01-04,CDLSHORTLINE,100
2017-01-04,CDLDOJI,100
2017-01-05,CDLHANGINGMAN,-100
2017-01-06,CDLSHORTLINE,100
2017-01-06,CDLDOJI,100
2017-01-09,CDLDOJI,100
2017-01-09,CDLSHORTLINE,100
2017-01-09,CDLHIKKAKE,100
2017-01-10,CDLDOJI,100
2017-01-10,CDLGAPSIDESIDEWHITE,-100
2017-01-10,CDLSHORTLINE,100
2017-01-11,CDLHIKKAKE,200
2017-01-11,CDLSHORTLINE,100
2017-01-11,CDLDOJI,100
2017-01-12,CDLSHORTLINE,100
2017-01-13,CDLBELTHOLD,100
2017-01-16,CDLCOUNTERATTACK,-100
2017-01-16,CDLCLOSINGMARUBOZU,-100
2017-01-16,CDLLONGLINE,-100
2017-01-16,CDLBELTHOLD,-100
2017-01-16,CDLMARUBOZU,-100
2017-01-17,CDLHARAMI,100
2017-01-17,CDLSHORTLINE,100
2017-01-17,CDLHARAMICROSS,100
2017-01-17,CDLDOJI,100
2017-01-18,CDLSHORTLINE,100
2017-01-18,CDLHIKKAKE,-100
2017-01-19,CDLHIGHWAVE,100
2017-01-19,CDLSPINNINGTOP,100
2017-01-20,CDLSHORTLINE,100
2017-01-20,CDLDOJI,100
2017-01-20,CDLHIKKAKE,-200
2017-01-23,CDLSHORTLINE,100
2017-01-23,CDLDOJI,100
2017-01-24,CDLDOJI,100
2017-01-24,CDLSHORTLINE,100
2017-02-02,CDLCLOSINGMARUBOZU,-100
2017-02-02,CDLBELTHOLD,-100
2017-02-02,CDLLONGLINE,-100
2017-02-02,CDLMARUBOZU,-100
2017-02-03,CDLDOJI,100
2017-02-03,CDLSHORTLINE,100
2017-02-06,CDLCLOSINGMARUBOZU,100
2017-02-06,CDLMARUBOZU,100
2017-02-06,CDLLONGLINE,100
2017-02-06,CDLBELTHOLD,100
2017-02-07,CDLBELTHOLD,-100
2017-02-08,CDLBELTHOLD,-100
2017-02-08,CDLCLOSINGMARUBOZU,-100
2017-02-08,CDLMARUBOZU,-100
2017-02-08,CDLLONGLINE,-100
2017-02-09,CDLSHORTLINE,100
2017-02-09,CDLHARAMI,100
2017-02-10,CDLMARUBOZU,-100
2017-02-10,CDLLONGLINE,-100
2017-02-10,CDLBELTHOLD,-100
2017-02-10,CDLHIKKAKE,-100
2017-02-10,CDLCLOSINGMARUBOZU,-100
2017-02-13,CDLGRAVESTONEDOJI,100
2017-02-13,CDLDOJI,100
2017-02-13,CDLLONGLEGGEDDOJI,100
2017-02-13,CDLHARAMI,100
2017-02-13,CDLHARAMICROSS,100
2017-02-14,CDLSHORTLINE,-100
2017-02-15,CDLDOJI,100
2017-02-15,CDLSHORTLINE,100
2017-02-16,CDLSHORTLINE,100
2017-02-16,CDLDOJI,100
2017-02-17,CDLSHORTLINE,-100
2017-02-20,CDLSHORTLINE,100
2017-02-20,CDLDOJI,100
2017-02-21,CDLDOJI,100
2017-02-21,CDLSHORTLINE,100
2017-02-22,CDLINVERTEDHAMMER,100
2017-02-22,CDLDOJI,100
2017-02-22,CDLSHORTLINE,100
2017-02-22,CDLLONGLEGGEDDOJI,100
2017-02-23,CDLSHORTLINE,100
2017-02-23,CDLDOJI,100
2017-02-24,CDLBELTHOLD,100
2017-03-01,CDLSHORTLINE,100
2017-03-01,CDLDOJI,100
2017-03-02,CDLSHORTLINE,100
2017-03-02,CDLDOJI,100
2017-03-02,CDLHIKKAKE,100
2017-03-03,CDLSHORTLINE,100
2017-03-03,CDLDOJI,100
2017-03-03,CDLTRISTAR,100
2017-03-06,CDLTRISTAR,-100
2017-03-06,CDLDOJI,100
2017-03-06,CDLSHORTLINE,100
2017-03-07,CDLCLOSINGMARUBOZU,100
2017-03-07,CDLBELTHOLD,100
2017-03-07,CDLLONGLINE,100
2017-03-07,CDLHIKKAKE,200
2017-03-07,CDLMARUBOZU,100
2017-03-08,CDLSHOOTINGSTAR,-100
2017-03-09,CDLSHORTLINE,100
2017-03-09,CDLDOJI,100
2017-03-10,CDLSHORTLINE,100
2017-03-13,CDLSHORTLINE,100
2017-03-14,CDLBELTHOLD,-100
2017-03-15,CDLDOJI,100
2017-03-15,CDLSHORTLINE,100
2017-03-20,CDLSHORTLINE,100
2017-03-20,CDLDOJI,100
2017-03-21,CDLBELTHOLD,100
2017-03-21,CDLMARUBOZU,100
2017-03-21,CDLCLOSINGMARUBOZU,100
2017-03-21,CDLLONGLINE,100
2017-03-22,CDLCLOSINGMARUBOZU,100
2017-03-22,CDLMARUBOZU,100
2017-03-22,CDLBELTHOLD,100
2017-03-22,CDLLONGLINE,100
2017-03-23,CDLMARUBOZU,100
2017-03-23,CDLBELTHOLD,100
2017-03-23,CDLHIKKAKE,-100
2017-03-23,CDLLONGLINE,100
2017-03-23,CDLCLOSINGMARUBOZU,100
2017-03-24,CDLMARUBOZU,-100
2017-03-24,CDLLONGLINE,-100
2017-03-24,CDLBELTHOLD,-100
2017-03-24,CDLCLOSINGMARUBOZU,-100
2017-03-27,CDLSHORTLINE,-100
2017-03-28,CDLBELTHOLD,-100
2017-03-29,CDLMARUBOZU,100
2017-03-29,CDLBELTHOLD,100
2017-03-29,CDLCLOSINGMARUBOZU,100
2017-03-29,CDLLONGLINE,100
2017-03-30,CDLDOJI,100
2017-03-30,CDLSHORTLINE,100
2017-03-31,CDLSHORTLINE,-100
2017-04-05,CDLENGULFING,100
2017-04-05,CDLBELTHOLD,100
2017-04-06,CDL3OUTSIDE,100
2017-04-10,CDLDOJI,100
2017-04-10,CDLSHORTLINE,100
2017-04-11,CDLBELTHOLD,-100
2017-04-11,CDLHIKKAKE,-100
2017-04-12,CDLMARUBOZU,-100
2017-04-12,CDLHIKKAKE,-200
2017-04-12,CDLBELTHOLD,-100
2017-04-12,CDLLONGLINE,-100
2017-04-12,CDLCLOSINGMARUBOZU,-100
2017-04-13,CDLHANGINGMAN,-100
2017-04-14,CDLSHORTLINE,100
2017-04-17,CDLDOJI,100
2017-04-17,CDLSHORTLINE,100
2017-04-18,CDLINVERTEDHAMMER,100
2017-04-19,CDLSHORTLINE,100
2017-04-19,CDLLONGLEGGEDDOJI,100
2017-04-19,CDLDOJI,100
2017-04-20,CDLCLOSINGMARUBOZU,100
2017-04-20,CDLLONGLINE,100
2017-04-20,CDLHIKKAKE,100
2017-04-20,CDLBELTHOLD,100
2017-04-20,CDLMARUBOZU,100
2017-04-21,CDLSHORTLINE,100
2017-04-21,CDLDOJI,100
2017-04-24,CDLSHORTLINE,100
2017-04-24,CDLDOJI,100
2017-04-25,CDLSHORTLINE,100
2017-04-25,CDLDOJI,100
2017-04-26,CDLDOJI,100
2017-04-26,CDLSHORTLINE,100
2017-04-27,CDLSHORTLINE,100
2017-04-27,CDLDOJI,100
2017-04-28,CDLSHORTLINE,100
2017-04-28,CDLDOJI,100
2017-05-02,CDLGAPSIDESIDEWHITE,100
2017-05-02,CDLSHORTLINE,100
2017-05-02,CDLDOJI,100
2017-05-03,CDLLONGLINE,100
2017-05-03,CDLMARUBOZU,100
2017-05-03,CDLBELTHOLD,100
2017-05-03,CDLCLOSINGMARUBOZU,100
2017-05-04,CDLBELTHOLD,100
2017-05-04,CDLMARUBOZU,100
2017-05-04,CDLLONGLINE,100
2017-05-04,CDLCLOSINGMARUBOZU,100
2017-05-05,CDLBELTHOLD,-100
2017-05-05,CDLMARUBOZU,-100
2017-05-05,CDLCLOSINGMARUBOZU,-100
2017-05-08,CDLMARUBOZU,-100
2017-05-08,CDLHIKKAKE,100
2017-05-08,CDLBELTHOLD,-100
2017-05-08,CDLCLOSINGMARUBOZU,-100
2017-05-09,CDLINNECK,-100
2017-05-09,CDLDOJI,100
2017-05-09,CDLONNECK,-100
2017-05-10,CDLDOJI,100
2017-05-12,CDLCLOSINGMARUBOZU,100
2017-05-12,CDLLONGLINE,100
2017-05-12,CDLBELTHOLD,100
2017-05-12,CDLMARUBOZU,100
2017-05-15,CDLDOJI,100
2017-05-15,CDLSHORTLINE,100
2017-05-16,CDLSHORTLINE,100
2017-05-16,CDLDOJI,100
2017-05-17,CDLBELTHOLD,100
2017-05-17,CDLCLOSINGMARUBOZU,100
2017-05-17,CDLMARUBOZU,100
2017-05-17,CDLLONGLINE,100
2017-05-18,CDLMARUBOZU,100
2017-05-18,CDLBELTHOLD,100
2017-05-18,CDLCLOSINGMARUBOZU,100
2017-05-19,CDLMARUBOZU,100
2017-05-19,CDLBELTHOLD,100
2017-05-19,CDLCLOSINGMARUBOZU,100
2017-05-19,CDLLONGLINE,100
2017-05-19,CDLADVANCEBLOCK,-100
2017-05-22,CDLHARAMICROSS,-100
2017-05-22,CDLHARAMI,-100
2017-05-22,CDLDOJI,100
2017-05-22,CDLSHORTLINE,100
2017-05-23,CDLSHORTLINE,100
2017-05-23,CDLDOJI,100
2017-05-24,CDLSHORTLINE,100
2017-05-24,CDLDOJI,100
2017-05-25,CDLSHORTLINE,100
2017-05-25,CDLDOJI,100
2017-05-26,CDLDOJI,100
2017-05-26,CDLSHORTLINE,100
2017-05-31,CDLDOJI,100
2017-06-01,CDLDOJI,100
2017-06-01,CDLSHORTLINE,100
2017-06-02,CDLSHORTLINE,100
2017-06-02,CDLDOJI,100
2017-06-05,CDLDOJI,100
2017-06-05,CDLSHORTLINE,100
2017-06-06,CDLGAPSIDESIDEWHITE,-100
2017-06-06,CDLDOJI,100
2017-06-06,CDLSHORTLINE,100
2017-06-07,CDLDOJI,100
2017-06-07,CDLSHORTLINE,100
2017-06-08,CDLSHORTLINE,100
2017-06-08,CDLDOJI,100
2017-06-09,CDLDOJI,100
2017-06-09,CDLSHORTLINE,100
2017-06-12,CDLSHORTLINE,100
2017-06-12,CDLDOJI,100
2017-06-13,CDLDOJI,100
2017-06-13,CDLSHORTLINE,100
2017-06-13,CDLGAPSIDESIDEWHITE,-100
2017-06-14,CDLBELTHOLD,100
2017-06-15,CDLCLOSINGMARUBOZU,100
2017-06-15,CDLLONGLINE,100
2017-06-15,CDLMARUBOZU,100
2017-06-15,CDLBELTHOLD,100
2017-06-16,CDLDOJI,100
2017-06-16,CDLSHORTLINE,100
2017-06-19,CDLDOJI,100
2017-06-19,CDLSHORTLINE,100
2017-06-20,CDLBELTHOLD,-100
2017-06-21,CDLHARAMI,100
2017-06-21,CDLSHORTLINE,100
2017-06-21,CDLHARAMICROSS,100
2017-06-21,CDLDOJI,100
2017-06-22,CDLHIKKAKE,100
2017-06-22,CDLSHORTLINE,-100
2017-06-23,CDLSHORTLINE,100
2017-06-23,CDLDOJI,100
2017-06-26,CDLBELTHOLD,100
2017-06-27,CDLBELTHOLD,-100
2017-06-28,CDLDOJI,100
2017-06-28,CDLDOJISTAR,100
2017-06-28,CDLDRAGONFLYDOJI,100
2017-06-28,CDLLONGLEGGEDDOJI,100
2017-06-28,CDLTAKURI,100
2017-06-29,CDLDOJI,100
2017-06-29,CDLSHORTLINE,100
2017-06-30,CDLDOJI,100
2017-06-30,CDLSHORTLINE,100
2017-06-30,CDLGAPSIDESIDEWHITE,-100
2017-07-03,CDLSHORTLINE,100
2017-07-03,CDLDOJI,100
2017-07-04,CDLSHORTLINE,100
2017-07-04,CDLDOJI,100
2017-07-04,CDLTRISTAR,-100
2017-07-05,CDLSHORTLINE,100
2017-07-05,CDLDOJI,100
2017-07-06,CDLSHORTLINE,100
2017-07-06,CDLDOJI,100
2017-07-06,CDLTRISTAR,100
2017-07-07,CDLSHORTLINE,100
2017-07-07,CDLDOJI,100
2017-07-10,CDLGAPSIDESIDEWHITE,100
2017-07-10,CDLSHORTLINE,100
2017-07-10,CDLDOJI,100
2017-07-11,CDLCLOSINGMARUBOZU,-100
2017-07-11,CDLBELTHOLD,-100
2017-07-11,CDLMARUBOZU,-100
2017-07-11,CDLLONGLINE,-100
2017-07-12,CDLSHORTLINE,100
2017-07-13,CDLDOJI,100
2017-07-14,CDLDOJI,100
2017-07-17,CDLBELTHOLD,100
2017-07-17,CDLMARUBOZU,100
2017-07-17,CDLCLOSINGMARUBOZU,100
2017-07-18,CDLHARAMI,-100
2017-07-19,CDLDOJI,100
2017-07-20,CDLDOJI,100
2017-07-21,CDLDOJI,100
2017-07-21,CDLGAPSIDESIDEWHITE,-100
2017-07-24,CDLDOJI,100
2017-07-25,CDLDOJI,100
2017-07-26,CDLMARUBOZU,100
2017-07-26,CDLCLOSINGMARUBOZU,100
2017-07-26,CDLBELTHOLD,100
2017-07-27,CDLMARUBOZU,100
2017-07-27,CDLCLOSINGMARUBOZU,100
2017-07-27,CDLBELTHOLD,100
2017-07-28,CDLDOJI,100
2017-07-31,CDLDOJI,100
2017-08-01,CDLDOJI,100
2017-08-03,CDLDOJI,100
2017-08-07,CDLMARUBOZU,100
2017-08-07,CDLBELTHOLD,100
2017-08-07,CDLCLOSINGMARUBOZU,100
2017-08-08,CDLDOJI,100
2017-08-09,CDLDOJI,100
2017-08-10,CDLDOJI,100
2017-08-10,CDLGAPSIDESIDEWHITE,-100
2017-08-11,CDLDOJI,100
2017-08-14,CDLDOJI,100
2017-08-15,CDLDOJI,100
2017-08-16,CDLGAPSIDESIDEWHITE,100
2017-08-16,CDLDOJI,100
2017-08-17,CDLMARUBOZU,100
2017-08-17,CDLBELTHOLD,100
2017-08-17,CDLCLOSINGMARUBOZU,100
2017-08-18,CDLCLOSINGMARUBOZU,100
2017-08-21,CDLDOJI,100
2017-08-21,CDLSHORTLINE,100
2017-08-22,CDLSHORTLINE,100
2017-08-22,CDLDOJI,100
2017-08-23,CDLDOJI,100
2017-08-23,CDLSHORTLINE,100
2017-08-24,CDLDOJI,100
2017-08-24,CDLSHORTLINE,100
2017-08-25,CDLSHORTLINE,100
2017-08-25,CDLTRISTAR,-100
2017-08-25,CDLDOJI,100
2017-08-28,CDLCLOSINGMARUBOZU,100
2017-08-29,CDLMARUBOZU,100
2017-08-29,CDLBELTHOLD,100
2017-08-29,CDLLONGLINE,100
2017-08-29,CDLCLOSINGMARUBOZU,100
2017-08-30,CDLDOJI,100
2017-08-30,CDLSHORTLINE,100
2017-08-31,CDLDOJI,100
2017-08-31,CDLSHORTLINE,100
2017-09-01,CDLDOJI,100
2017-09-01,CDLSHORTLINE,100
2017-09-04,CDLBELTHOLD,100
2017-09-04,CDLCLOSINGMARUBOZU,100
2017-09-04,CDLMARUBOZU,100
2017-09-04,CDLLONGLINE,100
2017-09-05,CDLDOJI,100
2017-09-05,CDLSHORTLINE,100
2017-09-06,CDLDOJI,100
2017-09-06,CDLSHORTLINE,100
2017-09-07,CDLSHORTLINE,100
2017-09-07,CDLDOJI,100
2017-09-08,CDLBELTHOLD,-100
2017-09-11,CDLSHORTLINE,100
2017-09-12,CDLSHORTLINE,100
2017-09-12,CDLDOJI,100
2017-09-13,CDLINVERTEDHAMMER,100
2017-09-14,CDLSHORTLINE,100
2017-09-14,CDLDOJI,100
2017-09-15,CDLSHORTLINE,100
2017-09-15,CDLDOJI,100
2017-09-18,CDLSHORTLINE,100
2017-09-18,CDLDOJI,100
2017-09-19,CDLCLOSINGMARUBOZU,-100
2017-09-20,CDLSHORTLINE,100
2017-09-20,CDLDOJI,100
2017-09-21,CDLBELTHOLD,-100
2017-09-22,CDLTHRUSTING,-100
2017-09-22,CDLLONGLINE,100
2017-09-22,CDLCLOSINGMARUBOZU,100
2017-09-22,CDLBELTHOLD,100
2017-09-22,CDLMARUBOZU,100
2017-09-25,CDLHARAMI,-100
2017-09-25,CDLSHORTLINE,-100
2017-09-26,CDLDOJI,100
2017-09-26,CDLSHORTLINE,100
2017-09-27,CDLDOJI,100
2017-09-27,CDLSHORTLINE,100
2017-09-28,CDLSHORTLINE,100
2017-09-29,CDLSHORTLINE,100
2017-09-29,CDLDOJI,100
2017-10-02,CDLSHORTLINE,100
2017-10-02,CDLDOJI,100
2017-10-03,CDLMARUBOZU,100
2017-10-03,CDLLONGLINE,100
2017-10-03,CDLCLOSINGMARUBOZU,100
2017-10-03,CDLBELTHOLD,100
2017-10-05,CDLCLOSINGMARUBOZU,-100
2017-10-05,CDLMARUBOZU,-100
2017-10-05,CDLBELTHOLD,-100
2017-10-06,CDLDOJI,100
2017-10-06,CDLSHORTLINE,100
2017-10-11,CDLDOJI,100
2017-10-11,CDLSHORTLINE,100
2017-10-12,CDLLONGLEGGEDDOJI,100
2017-10-12,CDLDRAGONFLYDOJI,100
2017-10-12,CDLTAKURI,100
2017-10-12,CDLDOJI,100
2017-10-12,CDLHAMMER,100
2017-10-13,CDLGAPSIDESIDEWHITE,-100
2017-10-13,CDLSHORTLINE,100
2017-10-13,CDLDOJI,100
2017-10-16,CDLMARUBOZU,100
2017-10-16,CDLCLOSINGMARUBOZU,100
2017-10-16,CDLLONGLINE,100
2017-10-16,CDLBELTHOLD,100
2017-10-17,CDLSHORTLINE,100
2017-10-17,CDLDOJI,100
2017-10-19,CDLDOJI,100
2017-10-19,CDLSHORTLINE,100
2017-10-23,CDLDOJI,100
2017-10-23,CDLSHORTLINE,100
2017-10-24,CDLDOJI,100
2017-10-24,CDLSHORTLINE,100
2017-10-25,CDLTAKURI,100
2017-10-25,CDLDOJI,100
2017-10-25,CDLLONGLEGGEDDOJI,100
2017-10-25,CDLHAMMER,100
2017-10-25,CDLDRAGONFLYDOJI,100
2017-10-25,CDLTRISTAR,-100
2017-10-26,CDLDOJI,100
2017-10-26,CDLSHORTLINE,100
2017-10-27,CDLSHORTLINE,100
2017-10-27,CDLGAPSIDESIDEWHITE,-100
2017-10-27,CDLDOJI,100
2017-10-30,CDLSHORTLINE,-100
2017-10-31,CDLSHORTLINE,100
2017-10-31,CDLDOJI,100
2017-11-01,CDLSHORTLINE,100
2017-11-01,CDLDOJI,100
2017-11-02,CDLDOJI,100
2017-11-02,CDLSHORTLINE,100
2017-11-03,CDLLONGLEGGEDDOJI,100
2017-11-03,CDLDRAGONFLYDOJI,100
2017-11-03,CDLDOJI,100
2017-11-03,CDLHAMMER,100
2017-11-03,CDLTAKURI,100
2017-11-06,CDLBELTHOLD,100
2017-11-07,CDLLONGLINE,-100
2017-11-07,CDLMARUBOZU,-100
2017-11-07,CDLCLOSINGMARUBOZU,-100
2017-11-07,CDLBELTHOLD,-100
2017-11-08,CDLDOJI,100
2017-11-08,CDLSHORTLINE,100
2017-11-09,CDLSHORTLINE,100
2017-11-09,CDLDOJI,100
2017-11-10,CDLDOJI,100
2017-11-10,CDLSHORTLINE,100
2017-11-13,CDLDOJI,100
2017-11-13,CDLSHORTLINE,100
2017-11-14,CDLSHORTLINE,100
2017-11-14,CDLDOJI,100
2017-11-15,CDLSHORTLINE,100
2017-11-15,CDLDOJI,100
2017-11-16,CDLSHORTLINE,100
2017-11-16,CDLDOJI,100
2017-11-17,CDLSHORTLINE,100
2017-11-17,CDLDOJI,100
2017-11-20,CDLSHORTLINE,100
2017-11-20,CDLDOJI,100
2017-11-21,CDLDOJI,100
2017-11-21,CDLGAPSIDESIDEWHITE,-100
2017-11-23,CDLDOJI,100
2017-11-24,CDLDOJI,100
2017-11-27,CDLDOJI,100
2017-11-28,CDLDOJI,100
2017-11-29,CDLDOJI,100
2017-11-29,CDLGAPSIDESIDEWHITE,100
2017-11-30,CDLTAKURI,100
2017-11-30,CDLHAMMER,100
2017-11-30,CDLLONGLEGGEDDOJI,100
2017-11-30,CDLHANGINGMAN,-100
2017-11-30,CDLDOJI,100
2017-11-30,CDLDRAGONFLYDOJI,100
2017-12-01,CDLSHORTLINE,100
2017-12-01,CDLDOJI,100
2017-12-04,CDLSHORTLINE,100
2017-12-05,CDLSHORTLINE,100
2017-12-05,CDLDOJI,100
2017-12-06,CDLDOJI,100
2017-12-06,CDLSHORTLINE,100
2017-12-07,CDLDOJI,100
2017-12-07,CDLSHORTLINE,100
2017-12-08,CDLSHORTLINE,100
2017-12-08,CDLDOJI,100
2017-12-11,CDLDOJI,100
2017-12-11,CDLSHORTLINE,100
2017-12-12,CDLCLOSINGMARUBOZU,-100
2017-12-13,CDLCLOSINGMARUBOZU,100
2017-12-14,CDLDOJI,100
2017-12-14,CDLSHORTLINE,100
2017-12-15,CDLDOJI,100
2017-12-15,CDLSHORTLINE,100
2017-12-18,CDLCLOSINGMARUBOZU,100
2017-12-19,CDLSHORTLINE,100
2017-12-19,CDLDOJISTAR,-100
2017-12-19,CDLDOJI,100
2017-12-20,CDLSHORTLINE,100
2017-12-20,CDLDOJI,100
2017-12-21,CDLSHORTLINE,100
2017-12-21,CDLDOJI,100
2017-12-25,CDLENGULFING,-100
2017-12-26,CDLBELTHOLD,-100
2017-12-26,CDL3OUTSIDE,-100
2017-12-27,CDLBELTHOLD,100
2017-12-28,CDLSHORTLINE,-100
2017-12-28,CDLHIKKAKE,-100
2017-12-29,CDLHIKKAKE,-200
2017-12-29,CDLCLOSINGMARUBOZU,-100
2017-12-29,CDLEVENINGSTAR,-100
2018-01-02,CDLCLOSINGMARUBOZU,-100
2018-01-02,CDLLONGLINE,-100
2018-01-03,CDLHAMMER,100
2018-01-04,CDLCLOSINGMARUBOZU,100
2018-01-05,CDLSHORTLINE,100
2018-01-08,CDLHIKKAKE,-100
2018-01-09,CDLGRAVESTONEDOJI,100
2018-01-09,CDLLONGLEGGEDDOJI,100
2018-01-09,CDLDOJI,100
2018-01-09,CDLSHORTLINE,-100
2018-01-10,CDLSHORTLINE,-100
2018-01-10,CDLHIKKAKE,100
2018-01-11,CDLSHORTLINE,100
2018-01-11,CDLENGULFING,100
2018-01-12,CDL3OUTSIDE,100
2018-01-12,CDLLONGLINE,100
2018-01-12,CDLCLOSINGMARUBOZU,100
2018-01-12,CDLHIKKAKE,200
2018-01-15,CDLHIGHWAVE,100
2018-01-15,CDLSPINNINGTOP,100
2018-01-16,CDLCLOSINGMARUBOZU,-100
2018-01-17,CDLMARUBOZU,100
2018-01-17,CDLBELTHOLD,100
2018-01-17,CDLCLOSINGMARUBOZU,100
2018-01-17,CDLLONGLINE,100
2018-01-18,CDLSHORTLINE,-100
2018-01-19,CDLENGULFING,100
2018-01-19,CDLBELTHOLD,100
2018-01-19,CDLLONGLINE,100
2018-01-19,CDLCLOSINGMARUBOZU,100
2018-01-19,CDLMARUBOZU,100
2018-01-22,CDLDOJI,100
2018-01-22,CDLSHORTLINE,100
2018-01-23,CDLHIKKAKE,-100
2018-01-23,CDLSHOOTINGSTAR,-100
2018-01-24,CDLHANGINGMAN,-100
2018-01-25,CDLHIKKAKE,100
2018-01-25,CDLDOJI,100
2018-01-25,CDLSHORTLINE,100
2018-01-26,CDLGAPSIDESIDEWHITE,-100
2018-01-26,CDLDOJI,100
2018-01-26,CDLSHORTLINE,100
2018-01-29,CDLSHORTLINE,-100
2018-01-29,CDLENGULFING,-100
2018-01-30,CDLSHORTLINE,-100
2018-01-30,CDL3OUTSIDE,-100
2018-01-31,CDLCLOSINGMARUBOZU,-100
2018-01-31,CDLMARUBOZU,-100
2018-01-31,CDLBELTHOLD,-100
2018-01-31,CDLLONGLINE,-100
2018-02-01,CDLHARAMI,100
2018-02-02,CDLDOJI,100
2018-02-02,CDLSHORTLINE,100
2018-02-05,CDLHANGINGMAN,-100
2018-02-05,CDLHAMMER,100
2018-02-06,CDLCLOSINGMARUBOZU,100
2018-02-06,CDLMARUBOZU,100
2018-02-06,CDLBELTHOLD,100
2018-02-06,CDLLONGLINE,100
2018-02-07,CDLMARUBOZU,100
2018-02-07,CDLLONGLINE,100
2018-02-07,CDLCLOSINGMARUBOZU,100
2018-02-07,CDLBELTHOLD,100
2018-02-08,CDLDOJI,100
2018-02-08,CDLSHORTLINE,100
2018-02-09,CDLDOJI,100
2018-02-09,CDLSHORTLINE,100
2018-02-12,CDLMARUBOZU,100
2018-02-12,CDLLONGLINE,100
2018-02-12,CDLBELTHOLD,100
2018-02-12,CDLCLOSINGMARUBOZU,100
2018-02-21,CDLCLOSINGMARUBOZU,-100
2018-02-21,CDLLONGLINE,-100
2018-02-21,CDLMARUBOZU,-100
2018-02-21,CDLBELTHOLD,-100
2018-02-22,CDLTHRUSTING,-100
2018-02-22,CDLHIKKAKE,100
2018-02-23,CDLSEPARATINGLINES,-100
2018-02-23,CDLBELTHOLD,-100
2018-02-27,CDLBELTHOLD,-100
2018-03-01,CDLMATCHINGLOW,100
2018-03-01,CDLSHORTLINE,-100
2018-03-01,CDLDOJI,100
2018-03-02,CDLSHORTLINE,-100
2018-03-06,CDLHIGHWAVE,100
2018-03-06,CDLDOJI,100
2018-03-06,CDLSPINNINGTOP,100
2018-03-06,CDLLONGLEGGEDDOJI,100
2018-03-06,CDLGRAVESTONEDOJI,100
2018-03-06,CDLRICKSHAWMAN,100
2018-03-07,CDLSHORTLINE,-100
2018-03-08,CDLSHORTLINE,-100
2018-03-09,CDLSHORTLINE,100
2018-03-09,CDLDOJI,100
2018-03-12,CDLDOJI,100
2018-03-12,CDLLONGLEGGEDDOJI,100
2018-03-12,CDLGRAVESTONEDOJI,100
2018-03-13,CDLSPINNINGTOP,100
2018-03-13,CDLHIGHWAVE,100
2018-03-13,CDLLONGLEGGEDDOJI,100
2018-03-13,CDLDOJI,100
2018-03-14,CDLSHORTLINE,100
2018-03-15,CDLBELTHOLD,100
2018-03-15,CDLCLOSINGMARUBOZU,100
2018-03-15,CDLLONGLINE,100
2018-03-15,CDLMARUBOZU,100
2018-03-16,CDLHANGINGMAN,-100
2018-03-16,CDLSHORTLINE,-100
2018-03-19,CDLSHORTLINE,100
2018-03-20,CDLSHORTLINE,-100
2018-03-21,CDLSHORTLINE,100
2018-03-21,CDLDOJI,100
2018-03-22,CDLLONGLINE,-100
2018-03-22,CDLMARUBOZU,-100
2018-03-22,CDLCLOSINGMARUBOZU,-100
2018-03-22,CDLBELTHOLD,-100
2018-03-22,CDLENGULFING,-100
2018-03-23,CDL3OUTSIDE,-100
2018-03-23,CDLBELTHOLD,100
2018-03-26,CDLSHORTLINE,100
2018-03-26,CDLDOJI,100
2018-03-27,CDLHIKKAKE,-100
2018-03-27,CDLSHORTLINE,-100
2018-03-28,CDLDOJI,100
2018-03-28,CDLHIKKAKE,-200
2018-03-28,CDLSHORTLINE,100
2018-03-29,CDLBELTHOLD,100
2018-03-29,CDLMARUBOZU,100
2018-03-29,CDLLONGLINE,100
2018-03-29,CDLCLOSINGMARUBOZU,100
2018-03-30,CDLDOJI,100
2018-03-30,CDLSHORTLINE,100
2018-03-30,CDLDOJISTAR,-100
2018-04-02,CDLBELTHOLD,-100
2018-04-03,CDLMATCHINGLOW,100
2018-04-03,CDLLONGLINE,-100
2018-04-03,CDLCLOSINGMARUBOZU,-100
2018-04-03,CDLBELTHOLD,-100
2018-04-03,CDLMARUBOZU,-100
2018-04-09,CDLBELTHOLD,-100
2018-04-09,CDLCLOSINGMARUBOZU,-100
2018-04-09,CDLLONGLINE,-100
2018-04-09,CDLMARUBOZU,-100
2018-04-10,CDLHIKKAKE,100
2018-04-10,CDLSHORTLINE,100
2018-04-11,CDLHIKKAKE,200
2018-04-11,CDLSHORTLINE,100
2018-04-11,CDLDOJI,100
2018-04-12,CDLBELTHOLD,100
2018-04-13,CDLHANGINGMAN,-100
2018-04-16,CDLSHORTLINE,-100
2018-04-17,CDLBELTHOLD,-100
2018-04-19,CDLHIKKAKE,100
2018-04-20,CDLSHORTLINE,-100
2018-04-23,CDLINVERTEDHAMMER,100
2018-04-23,CDLSHORTLINE,100
2018-04-23,CDLDOJI,100
2018-04-23,CDLGRAVESTONEDOJI,100
2018-04-23,CDLLONGLEGGEDDOJI,100
2018-04-24,CDLGAPSIDESIDEWHITE,-100
2018-04-24,CDLSHORTLINE,100
2018-04-24,CDLDOJI,100
2018-04-25,CDLCLOSINGMARUBOZU,-100
2018-04-25,CDLMARUBOZU,-100
2018-04-25,CDLLONGLINE,-100
2018-04-25,CDLBELTHOLD,-100
2018-04-25,CDLENGULFING,-100
2018-04-26,CDLSHORTLINE,100
2018-04-26,CDLDOJI,100
2018-04-27,CDLHANGINGMAN,-100
2018-04-30,CDLSHORTLINE,100
2018-05-02,CDLDOJI,100
2018-05-02,CDLSHORTLINE,100
2018-05-03,CDLSHORTLINE,100
2018-05-03,CDLDOJI,100
2018-05-04,CDLSHORTLINE,-100
2018-05-07,CDLBELTHOLD,-100
2018-05-08,CDLSHORTLINE,-100
2018-05-09,CDLMARUBOZU,-100
2018-05-09,CDLLONGLINE,-100
2018-05-09,CDLBELTHOLD,-100
2018-05-09,CDLHIKKAKE,100
2018-05-09,CDLCLOSINGMARUBOZU,-100
2018-05-10,CDLBELTHOLD,100
2018-05-10,CDLLONGLINE,100
2018-05-11,CDLLONGLINE,-100
2018-05-11,CDLCLOSINGMARUBOZU,-100
2018-05-11,CDLMARUBOZU,-100
2018-05-11,CDLBELTHOLD,-100
2018-05-14,CDLSHORTLINE,-100
2018-05-15,CDLCLOSINGMARUBOZU,100
2018-05-15,CDLMARUBOZU,100
2018-05-15,CDLBELTHOLD,100
2018-05-15,CDLLONGLINE,100
2018-05-16,CDLCLOSINGMARUBOZU,100
2018-05-17,CDLDOJI,100
2018-05-17,CDLSHORTLINE,100
2018-05-18,CDLSHORTLINE,-100
2018-05-21,CDLDOJI,100
2018-05-21,CDLSHORTLINE,100
2018-05-22,CDLSHORTLINE,100
2018-05-22,CDLDOJI,100
2018-05-23,CDLSHORTLINE,100
2018-05-24,CDLBELTHOLD,-100
2018-05-28,CDLSHOOTINGSTAR,-100
2018-05-29,CDLGAPSIDESIDEWHITE,100
2018-05-29,CDLSHORTLINE,100
2018-05-30,CDLSHORTLINE,100
2018-05-31,CDLBELTHOLD,100
2018-06-01,CDLCLOSINGMARUBOZU,100
2018-06-04,CDLDOJISTAR,-100
2018-06-04,CDLDOJI,100
2018-06-04,CDLSHORTLINE,100
2018-06-05,CDLDOJI,100
2018-06-05,CDLSHORTLINE,100
2018-06-06,CDLDRAGONFLYDOJI,100
2018-06-06,CDLTAKURI,100
2018-06-06,CDLHANGINGMAN,-100
2018-06-06,CDLLONGLEGGEDDOJI,100
2018-06-06,CDLDOJI,100
2018-06-07,CDLTAKURI,100
2018-06-07,CDLLONGLEGGEDDOJI,100
2018-06-07,CDLHANGINGMAN,-100
2018-06-07,CDLDRAGONFLYDOJI,100
2018-06-07,CDLDOJI,100
2018-06-08,CDLCLOSINGMARUBOZU,100
2018-06-12,CDLBELTHOLD,100
2018-06-13,CDLBELTHOLD,100
2018-06-13,CDLLONGLINE,100
2018-06-14,CDLHIKKAKE,100
2018-06-14,CDLLONGLINE,-100
2018-06-14,CDLBELTHOLD,-100
2018-06-15,CDLLONGLINE,-100
2018-06-19,CDLMARUBOZU,-100
2018-06-19,CDLCLOSINGMARUBOZU,-100
2018-06-19,CDLLONGLINE,-100
2018-06-19,CDLBELTHOLD,-100
2018-06-20,CDLBELTHOLD,100
2018-06-20,CDLLONGLINE,100
2018-06-20,CDLENGULFING,100
2018-06-20,CDLCLOSINGMARUBOZU,100
2018-06-20,CDLMARUBOZU,100
2018-06-21,CDL3OUTSIDE,100
2018-06-21,CDLBELTHOLD,100
2018-06-22,CDLADVANCEBLOCK,-100
2018-06-22,CDLLONGLEGGEDDOJI,100
2018-06-22,CDLDOJI,100
2018-06-22,CDLGRAVESTONEDOJI,100
2018-06-26,CDLBELTHOLD,100
2018-06-27,CDLDOJI,100
2018-06-27,CDLSHORTLINE,-100
2018-06-27,CDLDOJISTAR,-100
2018-06-28,CDLBELTHOLD,-100
2018-06-29,CDLSHORTLINE,100
2018-07-02,CDLHIKKAKE,-100
2018-07-02,CDLBELTHOLD,100
2018-07-03,CDLENGULFING,-100
2018-07-03,CDLMARUBOZU,-100
2018-07-03,CDLBELTHOLD,-100
2018-07-03,CDLCLOSINGMARUBOZU,-100
2018-07-03,CDLLONGLINE,-100
2018-07-04,CDLSHORTLINE,100
2018-07-04,CDLDOJI,100
2018-07-05,CDLENGULFING,-100
2018-07-05,CDLBELTHOLD,-100
2018-07-05,CDLHIKKAKE,-200
2018-07-06,CDL3OUTSIDE,-100
2018-07-06,CDLONNECK,-100
2018-07-06,CDLSHORTLINE,100
2018-07-09,CDLSHORTLINE,100
2018-07-09,CDLDOJI,100
2018-07-10,CDLDOJI,100
2018-07-10,CDLSHORTLINE,100
2018-07-12,CDLBELTHOLD,-100
2018-07-12,CDLMARUBOZU,-100
2018-07-12,CDLLONGLINE,-100
2018-07-12,CDLCLOSINGMARUBOZU,-100
2018-07-13,CDLSHORTLINE,-100
2018-07-16,CDLSHORTLINE,100
2018-07-16,CDLDOJI,100
2018-07-18,CDLBELTHOLD,100
2018-07-18,CDLCLOSINGMARUBOZU,100
2018-07-18,CDLLONGLINE,100
2018-07-18,CDLMARUBOZU,100
2018-07-19,CDLHARAMI,-100
2018-07-19,CDLSHORTLINE,100
2018-07-19,CDLDOJI,100
2018-07-19,CDLHARAMICROSS,-100
2018-07-20,CDLDOJI,100
2018-07-20,CDLSHORTLINE,100
2018-07-23,CDLBELTHOLD,-100
2018-07-23,CDLLONGLINE,-100
2018-07-23,CDLMARUBOZU,-100
2018-07-23,CDLCLOSINGMARUBOZU,-100
2018-07-24,CDLBELTHOLD,-100
2018-07-25,CDLTHRUSTING,-100
2018-07-25,CDLCLOSINGMARUBOZU,100
2018-07-27,CDLBELTHOLD,100
2018-07-30,CDLSHORTLINE,100
2018-07-30,CDLHARAMI,-100
2018-07-30,CDLHARAMICROSS,-100
2018-07-30,CDLDOJI,100
2018-07-31,CDLHIKKAKE,100
2018-08-01,CDLDOJI,100
2018-08-01,CDLSHORTLINE,100
2018-08-02,CDLSHORTLINE,100
2018-08-02,CDLDOJI,100
2018-08-03,CDLINVERTEDHAMMER,100
2018-08-06,CDLSHORTLINE,100
2018-08-06,CDLDOJI,100
2018-08-07,CDLBELTHOLD,100
2018-08-08,CDLBELTHOLD,-100
2018-08-08,CDLMARUBOZU,-100
2018-08-08,CDLCLOSINGMARUBOZU,-100
2018-08-08,CDLLONGLINE,-100
2018-08-09,CDLDOJI,100
2018-08-09,CDLSHORTLINE,100
2018-08-10,CDLDOJI,100
2018-08-10,CDLSHORTLINE,100
2018-08-13,CDLCLOSINGMARUBOZU,-100
2018-08-14,CDLBELTHOLD,100
2018-08-14,CDLLONGLINE,100
2018-08-14,CDLMARUBOZU,100
2018-08-14,CDLCLOSINGMARUBOZU,100
2018-08-15,CDLSHORTLINE,100
2018-08-15,CDLDOJI,100
2018-08-16,CDLSHORTLINE,100
2018-08-16,CDLDOJI,100
2018-08-17,CDLDOJI,100
2018-08-17,CDLSHORTLINE,100
2018-08-20,CDLDRAGONFLYDOJI,100
2018-08-20,CDLDOJI,100
2018-08-20,CDLTAKURI,100
2018-08-20,CDLTRISTAR,100
2018-08-20,CDLHANGINGMAN,-100
2018-08-20,CDLLONGLEGGEDDOJI,100
2018-08-21,CDLDOJI,100
2018-08-21,CDLSHORTLINE,100
2018-08-22,CDLSHORTLINE,100
2018-08-22,CDLDOJI,100
2018-08-22,CDLGAPSIDESIDEWHITE,100
2018-08-23,CDLLONGLINE,100
2018-08-23,CDLBELTHOLD,100
2018-08-23,CDLCLOSINGMARUBOZU,100
2018-08-23,CDLMARUBOZU,100
2018-08-24,CDLSHORTLINE,100
2018-08-24,CDLDOJI,100
2018-08-27,CDLSHORTLINE,100
2018-08-27,CDLGAPSIDESIDEWHITE,-100
2018-08-27,CDLDOJI,100
2018-08-28,CDLDOJI,100
2018-08-28,CDLSHORTLINE,100
2018-08-29,CDLDOJI,100
2018-08-29,CDLSHORTLINE,100
2018-08-29,CDLGAPSIDESIDEWHITE,-100
2018-08-30,CDLSHORTLINE,100
2018-08-30,CDLDOJI,100
2018-08-31,CDLSHORTLINE,100
2018-08-31,CDLDOJI,100
2018-08-31,CDLGAPSIDESIDEWHITE,-100
2018-09-03,CDLDOJI,100
2018-09-03,CDLSHORTLINE,100
2018-09-04,CDLBELTHOLD,100
2018-09-04,CDLCLOSINGMARUBOZU,100
2018-09-04,CDLMARUBOZU,100
2018-09-05,CDLCLOSINGMARUBOZU,100
2018-09-05,CDLMARUBOZU,100
2018-09-05,CDLBELTHOLD,100
2018-09-06,CDLCLOSINGMARUBOZU,-100
2018-09-07,CDLHARAMI,100
2018-09-07,CDLSHORTLINE,100
2018-09-07,CDLHARAMICROSS,100
2018-09-07,CDLDOJI,100
2018-09-10,CDLBELTHOLD,100
2018-09-10,CDLHIKKAKE,100
2018-09-11,CDLBELTHOLD,100
2018-09-11,CDLLONGLINE,100
2018-09-11,CDLCLOSINGMARUBOZU,100
2018-09-11,CDLMARUBOZU,100
2018-09-12,CDLBELTHOLD,100
2018-09-13,CDLHIKKAKE,200
2018-09-14,CDLDOJI,100
2018-09-14,CDLSHORTLINE,100
2018-09-17,CDLSHORTLINE,100
2018-09-17,CDLDOJI,100
2018-09-18,CDLSHORTLINE,100
2018-09-18,CDLDOJI,100
2018-09-19,CDLSHORTLINE,100
2018-09-20,CDLSHORTLINE,100
2018-09-20,CDLDOJI,100
2018-09-21,CDLSHORTLINE,-100
2018-09-21,CDLDOJI,100
2018-09-25,CDLMARUBOZU,-100
2018-09-25,CDLBELTHOLD,-100
2018-09-25,CDLLONGLINE,-100
2018-09-25,CDLCLOSINGMARUBOZU,-100
2018-09-26,CDLSHORTLINE,100
2018-09-27,CDLBELTHOLD,100
2018-09-27,CDLMORNINGSTAR,100
2018-09-27,CDLCLOSINGMARUBOZU,100
2018-09-27,CDLMARUBOZU,100
2018-09-27,CDLLONGLINE,100
2018-09-28,CDLSHORTLINE,-100
2018-10-01,CDLDOJI,100
2018-10-02,CDLDOJI,100
2018-10-03,CDLDOJI,100
2018-10-05,CDLDRAGONFLYDOJI,100
2018-10-05,CDLHARAMI,100
2018-10-05,CDLTAKURI,100
2018-10-05,CDLHARAMICROSS,100
2018-10-05,CDLLONGLEGGEDDOJI,100
2018-10-05,CDLDOJI,100
2018-10-08,CDLBELTHOLD,-100
2018-10-08,CDLMARUBOZU,-100
2018-10-08,CDLCLOSINGMARUBOZU,-100
2018-10-08,CDLLONGLINE,-100
2018-10-09,CDLDOJI,100
2018-10-09,CDLSHORTLINE,100
2018-10-11,CDLGRAVESTONEDOJI,100
2018-10-11,CDLLONGLEGGEDDOJI,100
2018-10-11,CDLINVERTEDHAMMER,100
2018-10-11,CDLDOJI,100
2018-10-12,CDLCLOSINGMARUBOZU,100
2018-10-15,CDLSHORTLINE,100
2018-10-15,CDLDOJI,100
2018-10-16,CDLSHORTLINE,100
2018-10-16,CDLDOJI,100
2018-10-17,CDLCLOSINGMARUBOZU,-100
2018-10-18,CDLSHORTLINE,100
2018-10-18,CDLDOJI,100
2018-10-19,CDLSHORTLINE,-100
2018-10-23,CDLDOJI,100
2018-10-23,CDLSHORTLINE,100
2018-10-24,CDLSHORTLINE,100
2018-10-24,CDLDOJI,100
2018-10-25,CDLDOJI,100
2018-10-25,CDLSHORTLINE,100
2018-10-26,CDLSHORTLINE,100
2018-10-26,CDLDOJI,100
2018-10-29,CDLSHORTLINE,100
2018-10-29,CDLDOJI,100
2018-10-30,CDLCLOSINGMARUBOZU,100
2018-10-31,CDLLONGLINE,100
2018-10-31,CDLMARUBOZU,100
2018-10-31,CDLBELTHOLD,100
2018-10-31,CDLCLOSINGMARUBOZU,100
2018-11-01,CDLDOJI,100
2018-11-01,CDLSHORTLINE,100
2018-11-02,CDLDOJI,100
2018-11-02,CDLSHORTLINE,100
2018-11-05,CDLDOJI,100
2018-11-05,CDLSHORTLINE,100
2018-11-06,CDLSHOOTINGSTAR,-100
2018-11-07,CDLSHORTLINE,100
2018-11-08,CDLINVERTEDHAMMER,100
2018-11-09,CDLSHORTLINE,100
2018-11-09,CDLDOJI,100
2018-11-12,CDLLONGLINE,100
2018-11-12,CDLCLOSINGMARUBOZU,100
2018-11-12,CDLMARUBOZU,100
2018-11-12,CDLHIKKAKE,-100
2018-11-12,CDLBELTHOLD,100
2018-11-13,CDLDOJI,100
2018-11-13,CDLSHORTLINE,100
2018-11-14,CDLDOJI,100
2018-11-14,CDLSHORTLINE,100
2018-11-15,CDLLONGLINE,100
2018-11-15,CDLCLOSINGMARUBOZU,100
2018-11-15,CDLMARUBOZU,100
2018-11-15,CDLBELTHOLD,100
2018-11-16,CDLDOJI,100
2018-11-16,CDLSHORTLINE,100
2018-11-19,CDLSHORTLINE,100
2018-11-20,CDLBELTHOLD,-100
2018-11-21,CDLSHORTLINE,100
2018-11-21,CDLDOJI,100
2018-11-22,CDLDOJI,100
2018-11-22,CDLHIKKAKE,100
2018-11-22,CDLSHORTLINE,100
2018-11-23,CDLBELTHOLD,100
2018-11-23,CDLMARUBOZU,100
2018-11-23,CDLHIKKAKE,200
2018-11-23,CDLCLOSINGMARUBOZU,100
2018-11-23,CDLLONGLINE,100
2018-11-26,CDLCLOSINGMARUBOZU,100
2018-11-27,CDLADVANCEBLOCK,-100
2018-11-28,CDLSHORTLINE,100
2018-11-28,CDLDOJI,100
2018-11-29,CDLBELTHOLD,100
2018-11-29,CDLHIKKAKE,-100
2018-11-30,CDLDOJI,100
2018-11-30,CDLSHORTLINE,100
2018-12-03,CDLMARUBOZU,-100
2018-12-03,CDLCLOSINGMARUBOZU,-100
2018-12-03,CDLBELTHOLD,-100
2018-12-03,CDLLONGLINE,-100
2018-12-04,CDLDOJI,100
2018-12-04,CDLSHORTLINE,100
2018-12-04,CDLDOJISTAR,100
2018-12-05,CDLDOJI,100
2018-12-05,CDLSHORTLINE,100
2018-12-05,CDLGAPSIDESIDEWHITE,-100
2018-12-06,CDLSHOOTINGSTAR,-100
2018-12-06,CDLGRAVESTONEDOJI,100
2018-12-06,CDLLONGLEGGEDDOJI,100
2018-12-06,CDLDOJI,100
2018-12-07,CDLBELTHOLD,100
2018-12-07,CDLMARUBOZU,100
2018-12-07,CDLLONGLINE,100
2018-12-07,CDLCLOSINGMARUBOZU,100
2018-12-10,CDLMARUBOZU,100
2018-12-10,CDLLONGLINE,100
2018-12-10,CDLBELTHOLD,100
2018-12-10,CDLCLOSINGMARUBOZU,100
2018-12-11,CDLCLOSINGMARUBOZU,100
2018-12-12,CDLBELTHOLD,100
2018-12-12,CDLLONGLINE,100
2018-12-12,CDLCLOSINGMARUBOZU,100
2018-12-12,CDLMARUBOZU,100
2018-12-14,CDLDOJI,100
2018-12-14,CDLHAMMER,100
2018-12-14,CDLLONGLEGGEDDOJI,100
2018-12-14,CDLDRAGONFLYDOJI,100
2018-12-14,CDLTAKURI,100
2018-12-18,CDLDOJI,100
2018-12-18,CDLSHORTLINE,100
2018-12-19,CDLHAMMER,100
2018-12-19,CDLDOJI,100
2018-12-19,CDLHIKKAKE,100
2018-12-19,CDLTAKURI,100
2018-12-19,CDLDRAGONFLYDOJI,100
2018-12-19,CDLLONGLEGGEDDOJI,100
2018-12-20,CDLSHORTLINE,100
2018-12-20,CDLDOJI,100
2018-12-21,CDLSHORTLINE,100
2018-12-21,CDLDOJI,100
2018-12-24,CDLHIKKAKE,200
2018-12-24,CDLCLOSINGMARUBOZU,100
2018-12-25,CDLHARAMI,-100
2018-12-25,CDLSHORTLINE,100
2018-12-25,CDLHARAMICROSS,-100
2018-12-25,CDLDOJI,100
2018-12-26,CDLDOJI,100
2018-12-26,CDLSHORTLINE,100
2018-12-27,CDLDOJI,100
2018-12-27,CDLSHORTLINE,100
2018-12-28,CDLBELTHOLD,-100
2019-01-02,CDLDOJI,100
2019-01-02,CDLSHORTLINE,100
2019-01-03,CDLDOJI,100
2019-01-03,CDLSHORTLINE,100
2019-01-04,CDLENGULFING,-100
2019-01-04,CDLSHORTLINE,-100
2019-01-07,CDLCLOSINGMARUBOZU,100
2019-01-07,CDL3OUTSIDE,-100
2019-01-07,CDLLONGLINE,100
2019-01-07,CDLBELTHOLD,100
2019-01-07,CDLMARUBOZU,100
2019-01-08,CDLTAKURI,100
2019-01-08,CDLLONGLEGGEDDOJI,100
2019-01-08,CDLHARAMICROSS,-100
2019-01-08,CDLHARAMI,-100
2019-01-08,CDLDRAGONFLYDOJI,100
2019-01-08,CDLSPINNINGTOP,-100
2019-01-08,CDLDOJI,100
2019-01-09,CDLSHORTLINE,100
2019-01-09,CDLDOJI,100
2019-01-10,CDLSHORTLINE,100
2019-01-10,CDLHIKKAKE,100
2019-01-10,CDLDOJI,100
2019-01-11,CDLSHORTLINE,100
2019-01-11,CDLDOJI,100
2019-01-14,CDLSHORTLINE,-100
2019-01-15,CDLDOJI,100
2019-01-15,CDLSHORTLINE,100
2019-01-16,CDLLONGLINE,-100
2019-01-16,CDLCLOSINGMARUBOZU,-100
2019-01-17,CDLMARUBOZU,-100
2019-01-17,CDLBELTHOLD,-100
2019-01-17,CDLLONGLINE,-100
2019-01-17,CDLCLOSINGMARUBOZU,-100
2019-01-18,CDLSHORTLINE,100
2019-01-18,CDLDOJI,100
2019-01-21,CDLSHORTLINE,100
2019-01-21,CDLDOJI,100
2019-01-22,CDLDOJI,100
2019-01-22,CDLSHORTLINE,100
2019-01-23,CDLMARUBOZU,100
2019-01-23,CDLLONGLINE,100
2019-01-23,CDLBELTHOLD,100
2019-01-23,CDLCLOSINGMARUBOZU,100
2019-01-24,CDLDOJI,100
2019-01-24,CDLSHORTLINE,100
2019-01-25,CDLCLOSINGMARUBOZU,100
2019-01-25,CDLBELTHOLD,100
2019-01-25,CDLMARUBOZU,100
2019-01-25,CDLLONGLINE,100
2019-01-28,CDLSHORTLINE,100
2019-01-29,CDLSHORTLINE,100
2019-01-29,CDLDOJI,100
2019-01-30,CDLSHORTLINE,100
2019-01-30,CDLDOJI,100
2019-02-11,CDLGAPSIDESIDEWHITE,-100
2019-02-11,CDLDOJI,100
2019-02-12,CDLDOJI,100
2019-02-13,CDLCLOSINGMARUBOZU,100
2019-02-14,CDLLONGLINE,100
2019-02-14,CDLMARUBOZU,100
2019-02-14,CDLBELTHOLD,100
2019-02-14,CDLCLOSINGMARUBOZU,100
2019-02-15,CDLSHORTLINE,100
2019-02-15,CDLDOJI,100
2019-02-18,CDLSHOOTINGSTAR,-100
2019-02-19,CDLCLOSINGMARUBOZU,100
2019-02-20,CDLHAMMER,100
2019-02-21,CDLGRAVESTONEDOJI,100
2019-02-21,CDLLONGLEGGEDDOJI,100
2019-02-21,CDLSHORTLINE,100
2019-02-21,CDLDOJI,100
2019-02-22,CDLDOJI,100
2019-02-22,CDLSHORTLINE,100
2019-02-25,CDLDOJI,100
2019-02-25,CDLSHORTLINE,100
2019-02-26,CDLBELTHOLD,100
2019-02-26,CDLCLOSINGMARUBOZU,100
2019-02-26,CDLMARUBOZU,100
2019-02-26,CDLLONGLINE,100
2019-02-27,CDLSHORTLINE,100
2019-02-27,CDLHARAMI,-100
2019-02-27,CDLDOJI,100
2019-02-27,CDLHARAMICROSS,-100
2019-03-04,CDLHIKKAKE,-100
2019-03-04,CDLSHORTLINE,100
2019-03-05,CDLDOJI,100
2019-03-05,CDLSHORTLINE,100
2019-03-06,CDLDOJI,100
2019-03-06,CDLSHORTLINE,100
2019-03-07,CDLMARUBOZU,-100
2019-03-07,CDLENGULFING,-100
2019-03-07,CDLBELTHOLD,-100
2019-03-07,CDLCLOSINGMARUBOZU,-100
2019-03-07,CDLLONGLINE,-100
2019-03-08,CDLSHORTLINE,-100
2019-03-08,CDL3OUTSIDE,-100
2019-03-11,CDLSHORTLINE,100
2019-03-11,CDLDOJI,100
2019-03-12,CDLDOJI,100
2019-03-12,CDLSHORTLINE,100
2019-03-13,CDLDOJI,100
2019-03-13,CDLSHORTLINE,100
2019-03-14,CDLSHORTLINE,-100
2019-03-15,CDLSHORTLINE,100
2019-03-15,CDLDOJI,100
2019-03-18,CDLDOJI,100
2019-03-18,CDLSHORTLINE,100
2019-03-19,CDLDOJI,100
2019-03-19,CDLSHORTLINE,100
2019-03-20,CDLCLOSINGMARUBOZU,100
2019-03-21,CDLHAMMER,100
2019-03-22,CDLDOJI,100
2019-03-22,CDLSHORTLINE,100
2019-03-25,CDLHIKKAKE,100
2019-03-26,CDLSHORTLINE,100
2019-03-27,CDLDOJI,100
2019-03-27,CDLSHORTLINE,100
2019-03-28,CDLBELTHOLD,-100
2019-03-28,CDLLONGLINE,-100
2019-03-28,CDLCLOSINGMARUBOZU,-100
2019-03-28,CDLMARUBOZU,-100
2019-03-29,CDLSHORTLINE,100
2019-03-29,CDLHARAMI,100
2019-04-01,CDLBELTHOLD,-100
2019-04-01,CDLHIKKAKE,100
2019-04-02,CDLSHORTLINE,-100
2019-04-02,CDLHIKKAKE,200
2019-04-03,CDLSHORTLINE,-100
2019-04-08,CDLSHORTLINE,100
2019-04-08,CDLDOJI,100
2019-04-09,CDLSHORTLINE,100
2019-04-09,CDLDOJI,100
2019-04-09,CDLGAPSIDESIDEWHITE,100
2019-04-10,CDLDOJI,100
2019-04-10,CDLSHORTLINE,100
2019-04-15,CDLSHORTLINE,100
2019-04-15,CDLDOJI,100
2019-04-15,CDLHIKKAKE,-100
2019-04-16,CDLCLOSINGMARUBOZU,100
2019-04-17,CDLMARUBOZU,100
2019-04-17,CDLCLOSINGMARUBOZU,100
2019-04-17,CDLBELTHOLD,100
2019-04-17,CDLLONGLINE,100
2019-04-18,CDLDOJI,100
2019-04-18,CDLSHORTLINE,-100
2019-04-19,CDLSHORTLINE,100
2019-04-19,CDLDOJI,100
2019-04-22,CDLBELTHOLD,100
2019-04-22,CDLCLOSINGMARUBOZU,100
2019-04-22,CDLMARUBOZU,100
2019-04-22,CDLLONGLINE,100
2019-04-23,CDLDOJI,100
2019-04-23,CDLSHORTLINE,-100
2019-04-24,CDLDOJI,100
2019-04-24,CDLSHORTLINE,100
2019-04-25,CDLLONGLINE,100
2019-04-25,CDLBELTHOLD,100
2019-04-25,CDLMARUBOZU,100
2019-04-25,CDLCLOSINGMARUBOZU,100
2019-04-26,CDLSHORTLINE,100
2019-04-26,CDLDOJI,100
2019-04-29,CDLSHORTLINE,100
2019-04-29,CDLDOJI,100
2019-04-30,CDLSHORTLINE,100
2019-04-30,CDLDOJI,100
2019-05-02,CDLGAPSIDESIDEWHITE,-100
2019-05-02,CDLDOJI,100
2019-05-03,CDLDOJI,100
2019-05-06,CDLCLOSINGMARUBOZU,100
2019-05-07,CDLSHORTLINE,100
2019-05-07,CDLDOJI,100
2019-05-08,CDLBELTHOLD,100
2019-05-09,CDLLONGLINE,-100
2019-05-09,CDLBELTHOLD,-100
2019-05-09,CDLMARUBOZU,-100
2019-05-09,CDLCLOSINGMARUBOZU,-100
2019-05-10,CDLHIKKAKE,-100
2019-05-10,CDLLONGLINE,100
2019-05-10,CDLMARUBOZU,100
2019-05-10,CDLCLOSINGMARUBOZU,100
2019-05-10,CDLSEPARATINGLINES,100
2019-05-10,CDLBELTHOLD,100
2019-05-13,CDLDOJI,100
2019-05-13,CDLSHORTLINE,100
2019-05-14,CDLBELTHOLD,100
2019-05-15,CDLDOJI,100
2019-05-15,CDLSHORTLINE,100
2019-05-16,CDLDOJI,100
2019-05-16,CDLSHORTLINE,100
2019-05-17,CDLGRAVESTONEDOJI,100
2019-05-17,CDLDOJI,100
2019-05-17,CDLLONGLEGGEDDOJI,100
2019-05-20,CDLDOJI,100
2019-05-20,CDLSHORTLINE,100
2019-05-21,CDLSHORTLINE,100
2019-05-21,CDLDOJI,100
2019-05-22,CDLSHORTLINE,100
2019-05-22,CDLDOJI,100
2019-05-22,CDLGAPSIDESIDEWHITE,-100
2019-05-23,CDLHANGINGMAN,-100
2019-05-24,CDLTAKURI,100
2019-05-24,CDLSHORTLINE,100
2019-05-24,CDLLONGLEGGEDDOJI,100
2019-05-24,CDLDRAGONFLYDOJI,100
2019-05-24,CDLDOJI,100
2019-05-24,CDLHAMMER,100
2019-05-27,CDLBELTHOLD,100
2019-05-28,CDLSHORTLINE,100
2019-05-29,CDLCLOSINGMARUBOZU,-100
2019-05-29,CDLLONGLINE,-100
2019-05-30,CDLMARUBOZU,100
2019-05-30,CDLCLOSINGMARUBOZU,100
2019-05-30,CDLLONGLINE,100
2019-05-30,CDLBELTHOLD,100
2019-05-31,CDLSHORTLINE,-100
2019-06-03,CDLSHORTLINE,100
2019-06-05,CDLMARUBOZU,100
2019-06-05,CDLBELTHOLD,100
2019-06-05,CDLLONGLINE,100
2019-06-05,CDLCLOSINGMARUBOZU,100
2019-06-06,CDLBELTHOLD,100
2019-06-06,CDLMARUBOZU,100
2019-06-06,CDLCLOSINGMARUBOZU,100
2019-06-06,CDLHIKKAKE,-100
2019-06-06,CDLLONGLINE,100
2019-06-10,CDLSHORTLINE,100
2019-06-10,CDLDOJI,100
2019-06-11,CDLSHORTLINE,100
2019-06-11,CDLDOJI,100
2019-06-12,CDLDOJI,100
2019-06-12,CDLSHORTLINE,100
2019-06-13,CDLCLOSINGMARUBOZU,100
2019-06-13,CDLBELTHOLD,100
2019-06-13,CDLLONGLINE,100
2019-06-13,CDLMARUBOZU,100
2019-06-17,CDLSHORTLINE,100
2019-06-17,CDLDOJI,100
2019-06-18,CDLDOJI,100
2019-06-18,CDLSHORTLINE,100
2019-06-19,CDLDOJI,100
2019-06-19,CDLSHORTLINE,100
2019-06-20,CDLSHORTLINE,100
2019-06-20,CDLDOJI,100
2019-06-20,CDLGAPSIDESIDEWHITE,-100
2019-06-21,CDLGRAVESTONEDOJI,100
2019-06-21,CDLDOJI,100
2019-06-21,CDLLONGLEGGEDDOJI,100
2019-06-24,CDLSHORTLINE,100
2019-06-24,CDLDOJI,100
2019-06-25,CDLBELTHOLD,100
2019-06-25,CDLHIKKAKE,100
2019-06-27,CDLCLOSINGMARUBOZU,100
2019-06-28,CDLDOJI,100
2019-06-28,CDLSHORTLINE,100
2019-07-01,CDLSHORTLINE,100
2019-07-01,CDLDOJI,100
2019-07-02,CDLSHORTLINE,100
2019-07-02,CDLGAPSIDESIDEWHITE,100
2019-07-02,CDLDOJI,100
2019-07-03,CDLLONGLINE,100
2019-07-04,CDLCLOSINGMARUBOZU,100
2019-07-04,CDLMARUBOZU,100
2019-07-04,CDLLONGLINE,100
2019-07-04,CDLBELTHOLD,100
2019-07-05,CDLBELTHOLD,-100
2019-07-05,CDLCOUNTERATTACK,-100
2019-07-08,CDLMARUBOZU,-100
2019-07-08,CDLCLOSINGMARUBOZU,-100
2019-07-08,CDLBELTHOLD,-100
2019-07-08,CDLLONGLINE,-100
2019-07-09,CDLINNECK,-100
2019-07-09,CDLONNECK,-100
2019-07-10,CDLSHORTLINE,100
2019-07-11,CDLHANGINGMAN,-100
2019-07-11,CDLDRAGONFLYDOJI,100
2019-07-11,CDLTAKURI,100
2019-07-11,CDLLONGLEGGEDDOJI,100
2019-07-11,CDLDOJI,100
2019-07-12,CDLSHORTLINE,-100
2019-07-16,CDLSHORTLINE,-100
2019-07-17,CDLENGULFING,100
2019-07-17,CDLCLOSINGMARUBOZU,100
2019-07-17,CDLBELTHOLD,100
2019-07-17,CDLMARUBOZU,100
2019-07-17,CDLLONGLINE,100
2019-07-18,CDL3OUTSIDE,100
2019-07-18,CDLBELTHOLD,100
2019-07-18,CDLCLOSINGMARUBOZU,100
2019-07-18,CDLLONGLINE,100
2019-07-18,CDLMARUBOZU,100
2019-07-19,CDLSPINNINGTOP,-100
2019-07-19,CDLGRAVESTONEDOJI,100
2019-07-19,CDLLONGLEGGEDDOJI,100
2019-07-19,CDLRICKSHAWMAN,100
2019-07-19,CDLDOJI,100
2019-07-22,CDLDOJI,100
2019-07-22,CDLSHORTLINE,100
2019-07-23,CDLHIKKAKE,100
2019-07-23,CDLDOJI,100
2019-07-23,CDLSHORTLINE,100
2019-07-24,CDLSHORTLINE,-100
2019-07-25,CDLDOJI,100
2019-07-25,CDLSHORTLINE,100
2019-07-26,CDLSHORTLINE,100
2019-07-26,CDLDOJI,100
2019-07-29,CDLSHORTLINE,100
2019-07-29,CDLDOJI,100
2019-07-30,CDLCLOSINGMARUBOZU,100
2019-07-31,CDLSHORTLINE,100
2019-07-31,CDLDOJI,100
2019-08-01,CDLSHORTLINE,100
2019-08-01,CDLDOJI,100
2019-08-02,CDLLONGLINE,-100
2019-08-02,CDLMARUBOZU,-100
2019-08-02,CDLBELTHOLD,-100
2019-08-02,CDLCLOSINGMARUBOZU,-100
2019-08-02,CDLENGULFING,-100
2019-08-05,CDLDOJI,100
2019-08-05,CDLDOJISTAR,100
2019-08-05,CDL3OUTSIDE,-100
2019-08-05,CDLSHORTLINE,100
2019-08-06,CDLGAPSIDESIDEWHITE,-100
2019-08-06,CDLDOJI,100
2019-08-06,CDLSHORTLINE,100
2019-08-07,CDLDOJI,100
2019-08-07,CDLSHORTLINE,100
2019-08-08,CDLMARUBOZU,100
2019-08-08,CDLCLOSINGMARUBOZU,100
2019-08-08,CDLLONGLINE,100
2019-08-08,CDLBELTHOLD,100
2019-08-12,CDLMARUBOZU,-100
2019-08-12,CDLLONGLINE,-100
2019-08-12,CDLBELTHOLD,-100
2019-08-12,CDLCLOSINGMARUBOZU,-100
2019-08-13,CDLSHORTLINE,100
2019-08-13,CDLDOJI,100
2019-08-13,CDLDOJISTAR,100
2019-08-14,CDLSHORTLINE,100
2019-08-14,CDLDOJI,100
2019-08-14,CDLGAPSIDESIDEWHITE,-100
2019-08-15,CDLMARUBOZU,100
2019-08-15,CDLBELTHOLD,100
2019-08-15,CDLCLOSINGMARUBOZU,100
2019-08-16,CDLHARAMI,-100
2019-08-19,CDLHIKKAKE,100
2019-08-19,CDLDOJI,100
2019-08-22,CDLDOJI,100
2019-08-23,CDLDOJI,100
2019-08-26,CDLDOJI,100
2019-08-27,CDLDOJI,100
2019-08-28,CDLDOJI,100
2019-08-29,CDLGAPSIDESIDEWHITE,100
2019-08-29,CDLDOJI,100
2019-08-30,CDLDOJI,100
2019-09-02,CDLGAPSIDESIDEWHITE,100
2019-09-02,CDLDOJI,100
2019-09-03,CDLCLOSINGMARUBOZU,100
2019-09-04,CDLDOJISTAR,-100
2019-09-04,CDLSHORTLINE,100
2019-09-04,CDLDOJI,100
2019-09-05,CDLGAPSIDESIDEWHITE,100
2019-09-05,CDLSHORTLINE,100
2019-09-05,CDLDOJI,100
2019-09-06,CDLDOJI,100
2019-09-06,CDLSHORTLINE,100
2019-09-10,CDLSHORTLINE,100
2019-09-11,CDLLONGLINE,-100
2019-09-11,CDLMARUBOZU,-100
2019-09-11,CDLBELTHOLD,-100
2019-09-11,CDLCLOSINGMARUBOZU,-100
2019-09-12,CDLHOMINGPIGEON,100
2019-09-12,CDLHARAMI,100
2019-09-16,CDLMARUBOZU,100
2019-09-16,CDLCLOSINGMARUBOZU,100
2019-09-16,CDLLONGLINE,100
2019-09-16,CDLBELTHOLD,100
2019-09-17,CDLSHORTLINE,100
2019-09-17,CDLDOJI,100
2019-09-18,CDLMARUBOZU,100
2019-09-18,CDLLONGLINE,100
2019-09-18,CDLCLOSINGMARUBOZU,100
2019-09-18,CDLBELTHOLD,100
2019-09-19,CDLSHORTLINE,-100
2019-09-20,CDLBELTHOLD,-100
2019-09-23,CDLSHORTLINE,100
2019-09-23,CDLDOJI,100
2019-09-24,CDLCLOSINGMARUBOZU,-100
2019-09-24,CDLMARUBOZU,-100
2019-09-24,CDLBELTHOLD,-100
2019-09-24,CDLLONGLINE,-100
2019-09-25,CDLTHRUSTING,-100
2019-09-25,CDLSHORTLINE,100
2019-09-26,CDLDOJI,100
2019-09-26,CDLSHORTLINE,100
2019-09-27,CDLSHORTLINE,-100
2019-10-01,CDLSHORTLINE,-100
2019-10-02,CDLSHORTLINE,100
2019-10-02,CDLDOJI,100
2019-10-03,CDLDOJI,100
2019-10-03,CDLSHORTLINE,100
2019-10-04,CDLSHORTLINE,100
2019-10-04,CDLDOJI,100
2019-10-07,CDLMARUBOZU,-100
2019-10-07,CDLENGULFING,-100
2019-10-07,CDLBELTHOLD,-100
2019-10-07,CDLCLOSINGMARUBOZU,-100
2019-10-07,CDLLONGLINE,-100
2019-10-08,CDLDOJI,100
2019-10-14,CDLDOJI,100
2019-10-15,CDLBELTHOLD,100
2019-10-15,CDLCLOSINGMARUBOZU,100
2019-10-15,CDLMARUBOZU,100
2019-10-16,CDLMARUBOZU,100
2019-10-16,CDLCLOSINGMARUBOZU,100
2019-10-16,CDLBELTHOLD,100
2019-10-17,CDLHARAMI,-100
2019-10-17,CDLHARAMICROSS,-100
2019-10-17,CDLDOJI,100
2019-10-18,CDLDOJI,100
2019-10-21,CDLDOJI,100
2019-10-22,CDLDOJI,100
2019-10-23,CDLDOJI,100
2019-10-24,CDLBELTHOLD,100
2019-10-24,CDLCLOSINGMARUBOZU,100
2019-10-24,CDLMARUBOZU,100
2019-10-25,CDLDOJI,100
2019-10-29,CDLDOJI,100
2019-10-30,CDLDOJI,100
2019-11-01,CDLDOJI,100
2019-11-04,CDLDOJI,100
2019-11-05,CDLCLOSINGMARUBOZU,100
2019-11-05,CDLMARUBOZU,100
2019-11-05,CDLBELTHOLD,100
2019-11-06,CDLDOJI,100
2019-11-07,CDLDOJI,100
2019-11-08,CDLDOJI,100
2019-11-11,CDLDOJI,100
2019-11-12,CDLTAKURI,100
2019-11-12,CDLDRAGONFLYDOJI,100
2019-11-12,CDLHANGINGMAN,-100
2019-11-12,CDLLONGLEGGEDDOJI,100
2019-11-12,CDLDOJI,100
2019-11-13,CDLDOJI,100
2019-11-13,CDLTRISTAR,-100
2019-11-13,CDLSHORTLINE,100
2019-11-14,CDLGAPSIDESIDEWHITE,-100
2019-11-14,CDLDOJI,100
2019-11-14,CDLSHORTLINE,100
2019-11-15,CDLSHORTLINE,100
2019-11-15,CDLDOJI,100
2019-11-18,CDLSEPARATINGLINES,-100
2019-11-18,CDLBELTHOLD,-100
2019-11-19,CDLSHORTLINE,100
2019-11-20,CDLSHORTLINE,100
2019-11-20,CDLDOJI,100
2019-11-21,CDLBELTHOLD,100
2019-11-21,CDLMARUBOZU,100
2019-11-21,CDLCLOSINGMARUBOZU,100
2019-11-21,CDLLONGLINE,100
2019-11-22,CDLDOJI,100
2019-11-22,CDLSHORTLINE,100
2019-11-25,CDLCLOSINGMARUBOZU,100
2019-11-25,CDLLONGLINE,100
2019-11-25,CDLMARUBOZU,100
2019-11-25,CDLBELTHOLD,100
2019-11-26,CDLCLOSINGMARUBOZU,100
2019-11-26,CDLLONGLINE,100
2019-11-26,CDLBELTHOLD,100
2019-11-26,CDLMARUBOZU,100
2019-11-27,CDLDOJI,100
2019-11-27,CDLSHORTLINE,100
2019-11-28,CDLSHORTLINE,100
2019-11-29,CDLBELTHOLD,-100
2019-11-29,CDLENGULFING,-100
2019-12-02,CDLCLOSINGMARUBOZU,-100
2019-12-02,CDLMARUBOZU,-100
2019-12-02,CDLLONGLINE,-100
2019-12-02,CDLBELTHOLD,-100
2019-12-03,CDLSHORTLINE,100
2019-12-03,CDLDOJI,100
2019-12-05,CDLSHORTLINE,100
2019-12-05,CDLDOJI,100
2019-12-06,CDLSHORTLINE,100
2019-12-06,CDLDOJI,100
2019-12-10,CDLSHORTLINE,-100
2019-12-11,CDLBELTHOLD,100
2019-12-11,CDLHIKKAKE,-100
2019-12-11,CDLCLOSINGMARUBOZU,100
2019-12-11,CDLLONGLINE,100
2019-12-11,CDLMARUBOZU,100
2019-12-12,CDLLONGLINE,-100
2019-12-12,CDLBELTHOLD,-100
2019-12-12,CDLCLOSINGMARUBOZU,-100
2019-12-12,CDLMARUBOZU,-100
2019-12-13,CDLSHORTLINE,100
2019-12-13,CDLONNECK,-100
2019-12-13,CDLINNECK,-100
2019-12-16,CDLSHORTLINE,100
2019-12-16,CDLDOJI,100
2019-12-17,CDLCLOSINGMARUBOZU,100
2019-12-18,CDLSHORTLINE,-100
2019-12-19,CDLSHORTLINE,100
2019-12-20,CDLSHORTLINE,-100
2019-12-24,CDLINVERTEDHAMMER,100
2019-12-25,CDLSHORTLINE,-100
2019-12-26,CDLSHORTLINE,100
2019-12-26,CDLDOJI,100
2019-12-27,CDLBELTHOLD,100
2019-12-27,CDLLONGLINE,100
2019-12-27,CDLMARUBOZU,100
2019-12-27,CDLCLOSINGMARUBOZU,100
2019-12-30,CDLMARUBOZU,100
2019-12-30,CDLBELTHOLD,100
2019-12-30,CDLCLOSINGMARUBOZU,100
2019-12-30,CDLLONGLINE,100
2019-12-31,CDLTASUKIGAP,100
2020-01-02,CDLINVERTEDHAMMER,100
2020-01-03,CDLSHORTLINE,100
2020-01-03,CDLDOJI,100
2020-01-07,CDLCLOSINGMARUBOZU,100
2020-01-08,CDLLONGLEGGEDDOJI,100
2020-01-08,CDLDOJI,100
2020-01-08,CDLGRAVESTONEDOJI,100
2020-01-09,CDLSHORTLINE,100
2020-01-10,CDLENGULFING,-100
2020-01-10,CDLLONGLINE,-100
2020-01-10,CDLCLOSINGMARUBOZU,-100
2020-01-13,CDLLONGLINE,-100
2020-01-13,CDLMARUBOZU,-100
2020-01-13,CDLBELTHOLD,-100
2020-01-13,CDLCLOSINGMARUBOZU,-100
2020-01-14,CDLSHORTLINE,100
2020-01-14,CDLHARAMI,100
2020-01-15,CDLSPINNINGTOP,100
2020-01-15,CDLDOJI,100
2020-01-15,CDLHIKKAKE,-100
2020-01-15,CDLRICKSHAWMAN,100
2020-01-15,CDLLONGLEGGEDDOJI,100
2020-01-15,CDLHIGHWAVE,100
2020-01-16,CDLSHORTLINE,100
2020-01-17,CDLSHORTLINE,100
2020-01-17,CDLDOJI,100
2020-01-20,CDLSHORTLINE,100
2020-01-30,CDLCLOSINGMARUBOZU,-100
2020-01-30,CDLMARUBOZU,-100
2020-01-30,CDLBELTHOLD,-100
2020-01-30,CDLLONGLINE,-100
2020-01-31,CDLHANGINGMAN,-100
2020-01-31,CDLDOJI,100
2020-01-31,CDLDRAGONFLYDOJI,100
2020-01-31,CDLLONGLEGGEDDOJI,100
2020-01-31,CDLSHORTLINE,100
2020-01-31,CDLTAKURI,100
2020-02-03,CDLDRAGONFLYDOJI,100
2020-02-03,CDLHAMMER,100
2020-02-03,CDLDOJI,100
2020-02-03,CDLLONGLEGGEDDOJI,100
2020-02-03,CDLTAKURI,100
2020-02-05,CDLSHORTLINE,100
2020-02-05,CDLDOJI,100
2020-02-06,CDLBELTHOLD,100
2020-02-06,CDLCLOSINGMARUBOZU,100
2020-02-06,CDLLONGLINE,100
2020-02-06,CDLMARUBOZU,100
2020-02-07,CDLMARUBOZU,100
2020-02-07,CDLCLOSINGMARUBOZU,100
2020-02-07,CDLLONGLINE,100
2020-02-07,CDLBELTHOLD,100
2020-02-10,CDLCLOSINGMARUBOZU,100
2020-02-11,CDLSHORTLINE,100
2020-02-12,CDLSHOOTINGSTAR,-100
2020-02-12,CDLDOJI,100
2020-02-12,CDLLONGLEGGEDDOJI,100
2020-02-12,CDLGRAVESTONEDOJI,100
2020-02-13,CDLDOJI,100
2020-02-13,CDLSHORTLINE,100
2020-02-13,CDLGAPSIDESIDEWHITE,100
2020-02-14,CDLSHORTLINE,100
2020-02-14,CDLDOJI,100
2020-02-17,CDLGAPSIDESIDEWHITE,-100
2020-02-17,CDLDOJI,100
2020-02-17,CDLSHORTLINE,100
2020-02-18,CDLSHORTLINE,100
2020-02-18,CDLDOJI,100
2020-02-19,CDLSHORTLINE,100
2020-02-19,CDLDOJI,100
2020-02-20,CDLSHORTLINE,100
2020-02-20,CDLDOJI,100
2020-02-21,CDLSHORTLINE,100
2020-02-21,CDLDOJI,100
2020-02-24,CDLSHORTLINE,100
2020-02-24,CDLDOJI,100
2020-02-25,CDLMARUBOZU,100
2020-02-25,CDLLONGLINE,100
2020-02-25,CDLCLOSINGMARUBOZU,100
2020-02-25,CDLBELTHOLD,100
2020-02-26,CDLDOJI,100
2020-02-26,CDLSHORTLINE,100
2020-02-26,CDLHARAMI,-100
2020-02-26,CDLHARAMICROSS,-100
2020-02-27,CDLHIKKAKE,100
2020-02-27,CDLCLOSINGMARUBOZU,-100
2020-02-27,CDLMARUBOZU,-100
2020-02-27,CDLBELTHOLD,-100
2020-02-27,CDL3INSIDE,-100
2020-03-02,CDLMARUBOZU,-100
2020-03-02,CDLBELTHOLD,-100
2020-03-02,CDLCLOSINGMARUBOZU,-100
2020-03-03,CDLDOJISTAR,100
2020-03-03,CDLSPINNINGTOP,100
2020-03-03,CDLHIGHWAVE,100
2020-03-03,CDLLONGLEGGEDDOJI,100
2020-03-03,CDLDOJI,100
2020-03-04,CDLSHORTLINE,100
2020-03-04,CDLDOJI,100
2020-03-05,CDLSHORTLINE,100
2020-03-05,CDLDOJI,100
2020-03-05,CDLTRISTAR,100
2020-03-06,CDLDOJI,100
2020-03-06,CDLSHORTLINE,100
2020-03-06,CDLTRISTAR,-100
2020-03-09,CDLLONGLINE,100
2020-03-09,CDLMARUBOZU,100
2020-03-09,CDLBELTHOLD,100
2020-03-09,CDLCLOSINGMARUBOZU,100
2020-03-10,CDLSHORTLINE,100
2020-03-11,CDLDOJI,100
2020-03-11,CDLSHORTLINE,100
2020-03-12,CDLMARUBOZU,-100
2020-03-12,CDLBELTHOLD,-100
2020-03-12,CDLCLOSINGMARUBOZU,-100
2020-03-12,CDLSEPARATINGLINES,-100
2020-03-12,CDLLONGLINE,-100
2020-03-13,CDLDOJI,100
2020-03-13,CDLSHORTLINE,100
2020-03-16,CDLDOJI,100
2020-03-16,CDLSHORTLINE,100
2020-03-17,CDLGAPSIDESIDEWHITE,-100
2020-03-17,CDLSHORTLINE,100
2020-03-17,CDLDOJI,100
2020-03-18,CDLDOJI,100
2020-03-19,CDLGAPSIDESIDEWHITE,-100
2020-03-19,CDLDOJI,100
2020-03-20,CDLDOJI,100
2020-03-23,CDLDOJI,100
2020-03-24,CDLDOJI,100
2020-03-26,CDLDOJI,100
2020-03-27,CDLDOJI,100
2020-03-30,CDLMARUBOZU,-100
2020-03-30,CDLBELTHOLD,-100
2020-03-30,CDLCLOSINGMARUBOZU,-100
2020-03-31,CDLDOJI,100
2020-04-01,CDLCLOSINGMARUBOZU,100
2020-04-01,CDLMARUBOZU,100
2020-04-01,CDLBELTHOLD,100
2020-04-06,CDLDOJI,100
2020-04-07,CDLDOJI,100
2020-04-08,CDLDOJI,100
2020-04-10,CDLDOJI,100
2020-04-10,CDLSHORTLINE,100
2020-04-13,CDLDOJI,100
2020-04-13,CDLSHORTLINE,100
2020-04-13,CDLGAPSIDESIDEWHITE,-100
2020-04-14,CDLDOJI,100
2020-04-14,CDLSHORTLINE,100
2020-04-15,CDLCLOSINGMARUBOZU,100
2020-04-15,CDLLONGLINE,100
2020-04-15,CDLMARUBOZU,100
2020-04-15,CDLBELTHOLD,100
2020-04-16,CDLLONGLINE,-100
2020-04-16,CDLMARUBOZU,-100
2020-04-16,CDLCLOSINGMARUBOZU,-100
2020-04-16,CDLBELTHOLD,-100
2020-04-16,CDLDARKCLOUDCOVER,-100
2020-04-17,CDLDOJI,100
2020-04-17,CDLSHORTLINE,100
2020-04-20,CDLSHORTLINE,100
2020-04-20,CDLDOJI,100
2020-04-21,CDLSHORTLINE,100
2020-04-21,CDLDOJI,100
2020-04-23,CDLLONGLEGGEDDOJI,100
2020-04-23,CDLTAKURI,100
2020-04-23,CDLDOJI,100
2020-04-23,CDLDRAGONFLYDOJI,100
2020-04-23,CDLHAMMER,100
2020-04-24,CDLBELTHOLD,100
2020-04-24,CDLLONGLINE,100
2020-04-24,CDLMARUBOZU,100
2020-04-24,CDLCLOSINGMARUBOZU,100
2020-04-27,CDLDOJI,100
2020-04-27,CDLSHORTLINE,100
2020-04-28,CDLDOJI,100
2020-04-28,CDLSHORTLINE,100
2020-04-29,CDLTRISTAR,100
2020-04-29,CDLDOJI,100
2020-04-29,CDLSHORTLINE,100
2020-04-30,CDLDOJI,100
2020-04-30,CDLSHORTLINE,100
2020-05-04,CDLLONGLINE,-100
2020-05-04,CDLMARUBOZU,-100
2020-05-04,CDLCLOSINGMARUBOZU,-100
2020-05-04,CDLBELTHOLD,-100
2020-05-05,CDLCLOSINGMARUBOZU,100
2020-05-05,CDLMARUBOZU,100
2020-05-05,CDLBELTHOLD,100
2020-05-05,CDLLONGLINE,100
2020-05-05,CDLSEPARATINGLINES,100
2020-05-06,CDLLONGLINE,100
2020-05-06,CDLMARUBOZU,100
2020-05-06,CDLBELTHOLD,100
2020-05-06,CDLCLOSINGMARUBOZU,100
2020-05-07,CDLSHORTLINE,100
2020-05-07,CDLDOJI,100
2020-05-08,CDLMARUBOZU,100
2020-05-08,CDLBELTHOLD,100
2020-05-08,CDLLONGLINE,100
2020-05-08,CDLCLOSINGMARUBOZU,100
2020-05-11,CDLBELTHOLD,100
2020-05-12,CDLSHORTLINE,100
2020-05-12,CDLDOJI,100
2020-05-13,CDLSHORTLINE,100
2020-05-13,CDLDOJI,100
2020-05-14,CDLCLOSINGMARUBOZU,100
2020-05-14,CDLLONGLINE,100
2020-05-14,CDLBELTHOLD,100
2020-05-14,CDLMARUBOZU,100
2020-05-15,CDLSHORTLINE,100
2020-05-18,CDLINVERTEDHAMMER,100
2020-05-18,CDLDOJI,100
2020-05-18,CDLGRAVESTONEDOJI,100
2020-05-18,CDLLONGLEGGEDDOJI,100
2020-05-19,CDLGAPSIDESIDEWHITE,-100
2020-05-19,CDLSHORTLINE,100
2020-05-19,CDLDOJI,100
2020-05-20,CDLSHORTLINE,100
2020-05-20,CDLDOJI,100
2020-05-21,CDLSHORTLINE,100
2020-05-21,CDLDOJI,100
2020-05-22,CDLSHORTLINE,100
2020-05-22,CDLDOJI,100
2020-05-25,CDLLONGLINE,100
2020-05-25,CDLBELTHOLD,100
2020-05-25,CDLMARUBOZU,100
2020-05-25,CDLCLOSINGMARUBOZU,100
2020-05-26,CDLDOJI,100
2020-05-26,CDLSHORTLINE,100
2020-05-27,CDLDOJI,100
2020-05-27,CDLSHORTLINE,100
2020-05-28,CDLLONGLINE,-100
2020-05-28,CDLBELTHOLD,-100
2020-05-28,CDLMARUBOZU,-100
2020-05-28,CDLCLOSINGMARUBOZU,-100
2020-05-29,CDLDOJI,100
2020-05-29,CDLDOJISTAR,100
2020-05-29,CDLSHORTLINE,100
2020-06-01,CDLMARUBOZU,-100
2020-06-01,CDLBELTHOLD,-100
2020-06-01,CDLLONGLINE,-100
2020-06-01,CDLCLOSINGMARUBOZU,-100
2020-06-02,CDLDOJI,100
2020-06-04,CDLLONGLINE,100
2020-06-04,CDLMARUBOZU,100
2020-06-04,CDLCLOSINGMARUBOZU,100
2020-06-04,CDLBELTHOLD,100
2020-06-05,CDLCLOSINGMARUBOZU,100
2020-06-05,CDLBELTHOLD,100
2020-06-05,CDLLONGLINE,100
2020-06-05,CDLMARUBOZU,100
2020-06-08,CDLSHORTLINE,100
2020-06-08,CDLSTALLEDPATTERN,-100
2020-06-09,CDLSHORTLINE,100
2020-06-09,CDLDOJI,100
2020-06-10,CDLBELTHOLD,-100
2020-06-12,CDLHIKKAKE,100
2020-06-12,CDLHAMMER,100
2020-06-15,CDLLONGLINE,-100
2020-06-15,CDLMARUBOZU,-100
2020-06-15,CDLCLOSINGMARUBOZU,-100
2020-06-15,CDLBELTHOLD,-100
2020-06-16,CDLSHORTLINE,-100
2020-06-18,CDLSHORTLINE,100
2020-06-19,CDLBELTHOLD,100
2020-06-19,CDLMARUBOZU,100
2020-06-19,CDLCLOSINGMARUBOZU,100
2020-06-19,CDLLONGLINE,100
2020-06-22,CDLMARUBOZU,-100
2020-06-22,CDLCLOSINGMARUBOZU,-100
2020-06-22,CDLLONGLINE,-100
2020-06-22,CDLDARKCLOUDCOVER,-100
2020-06-22,CDLBELTHOLD,-100
2020-06-23,CDLSHORTLINE,100
2020-06-23,CDLDOJI,100
2020-06-23,CDLDOJISTAR,100
2020-06-24,CDLBELTHOLD,100
2020-06-29,CDLHARAMI,-100
2020-06-29,CDLSHORTLINE,100
2020-06-29,CDLHARAMICROSS,-100
2020-06-29,CDLDOJI,100
2020-06-30,CDLSHORTLINE,100
2020-06-30,CDLDOJI,100
2020-07-01,CDLBELTHOLD,100
2020-07-01,CDLCLOSINGMARUBOZU,100
2020-07-01,CDLLONGLINE,100
2020-07-01,CDLMARUBOZU,100
2020-07-02,CDLMARUBOZU,-100
2020-07-02,CDLBELTHOLD,-100
2020-07-02,CDLLONGLINE,-100
2020-07-02,CDLCLOSINGMARUBOZU,-100
2020-07-03,CDLSHORTLINE,100
2020-07-03,CDLDOJI,100
2020-07-06,CDLMARUBOZU,100
2020-07-06,CDLLONGLINE,100
2020-07-06,CDLCLOSINGMARUBOZU,100
2020-07-06,CDLBELTHOLD,100
2020-07-07,CDLSHORTLINE,100
2020-07-08,CDLDOJI,100
2020-07-08,CDLHIGHWAVE,100
2020-07-08,CDLLONGLEGGEDDOJI,100
2020-07-08,CDLSPINNINGTOP,100
2020-07-08,CDLRICKSHAWMAN,100
2020-07-08,CDLTAKURI,100
2020-07-09,CDLINVERTEDHAMMER,100
2020-07-10,CDLSHORTLINE,100
2020-07-10,CDLDOJI,100
2020-07-13,CDLBELTHOLD,-100
2020-07-13,CDLENGULFING,-100
2020-07-14,CDLHARAMI,100
2020-07-15,CDLHIKKAKE,100
2020-07-15,CDLSHORTLINE,-100
2020-07-16,CDLDOJI,100
2020-07-16,CDLTAKURI,100
2020-07-16,CDLDRAGONFLYDOJI,100
2020-07-16,CDLLONGLEGGEDDOJI,100
2020-07-16,CDLHAMMER,100
2020-07-17,CDLSHORTLINE,100
2020-07-17,CDLDOJI,100
2020-07-20,CDLGAPSIDESIDEWHITE,-100
2020-07-20,CDLSHORTLINE,100
2020-07-21,CDLSHORTLINE,-100
2020-07-22,CDLHAMMER,100
2020-07-23,CDLMARUBOZU,100
2020-07-23,CDLCLOSINGMARUBOZU,100
2020-07-23,CDLBELTHOLD,100
2020-07-23,CDLLONGLINE,100
2020-07-24,CDLDOJI,100
2020-07-24,CDLSHORTLINE,100
2020-07-27,CDLHAMMER,100
2020-07-28,CDLLONGLINE,100
2020-07-28,CDLMARUBOZU,100
2020-07-28,CDLBELTHOLD,100
2020-07-28,CDLENGULFING,100
2020-07-28,CDLCLOSINGMARUBOZU,100
2020-07-29,CDLCLOSINGMARUBOZU,-100
2020-07-30,CDLDOJISTAR,100
2020-07-30,CDLDOJI,100
2020-07-30,CDLSHORTLINE,100
2020-07-31,CDLSHORTLINE,100
2020-07-31,CDLDOJI,100
2020-08-03,CDLGAPSIDESIDEWHITE,100
2020-08-03,CDLSHORTLINE,100
2020-08-03,CDLDOJI,100
2020-08-04,CDLDOJI,100
2020-08-04,CDLSHORTLINE,100
2020-08-05,CDLBELTHOLD,100
2020-08-06,CDLDOJI,100
2020-08-06,CDLHARAMICROSS,-100
2020-08-06,CDLSHORTLINE,100
2020-08-06,CDLHARAMI,-100
2020-08-07,CDLHIKKAKE,100
2020-08-07,CDL3INSIDE,-100
2020-08-10,CDLSHORTLINE,-100
2020-08-11,CDLMATCHINGLOW,100
2020-08-11,CDLSHORTLINE,-100
2020-08-12,CDLDOJI,100
2020-08-12,CDLSHORTLINE,100
2020-08-13,CDLDOJI,100
2020-08-13,CDLSHORTLINE,100
2020-08-14,CDLSHORTLINE,100
2020-08-14,CDLDOJI,100
2020-08-17,CDLSHORTLINE,100
2020-08-17,CDLGAPSIDESIDEWHITE,-100
2020-08-18,CDLDOJI,100
2020-08-18,CDLSHORTLINE,100
2020-08-19,CDLGAPSIDESIDEWHITE,-100
2020-08-19,CDLDOJI,100
2020-08-19,CDLSHORTLINE,100
2020-08-20,CDLSHORTLINE,100
2020-08-20,CDLDOJI,100
2020-08-21,CDLBELTHOLD,100
2020-08-21,CDLMARUBOZU,100
2020-08-21,CDLCLOSINGMARUBOZU,100
2020-08-21,CDLLONGLINE,100
2020-08-24,CDLHARAMI,-100
2020-08-25,CDLDOJI,100
2020-08-25,CDLSHORTLINE,100
2020-08-26,CDLDOJI,100
2020-08-26,CDLSHORTLINE,100
2020-08-26,CDLGAPSIDESIDEWHITE,100
2020-08-27,CDLMARUBOZU,-100
2020-08-27,CDLBELTHOLD,-100
2020-08-27,CDLSEPARATINGLINES,-100
2020-08-27,CDLCLOSINGMARUBOZU,-100
2020-08-27,CDLLONGLINE,-100
2020-08-28,CDLDOJISTAR,100
2020-08-28,CDLDOJI,100
2020-08-28,CDLSHORTLINE,100
2020-08-31,CDLSHORTLINE,100
2020-09-01,CDLSHORTLINE,-100
2020-09-02,CDLSHORTLINE,100
2020-09-02,CDLDOJI,100
2020-09-03,CDLBELTHOLD,100
2020-09-04,CDLDOJISTAR,-100
2020-09-04,CDLDOJI,100
2020-09-04,CDLSHORTLINE,100
2020-09-07,CDLGAPSIDESIDEWHITE,100
2020-09-07,CDLDOJI,100
2020-09-07,CDLSHORTLINE,100
2020-09-08,CDLDOJI,100
2020-09-08,CDLSHORTLINE,100
2020-09-09,CDLDOJI,100
2020-09-09,CDLSHORTLINE,100
2020-09-10,CDLBELTHOLD,-100
2020-09-11,CDLSHORTLINE,100
2020-09-14,CDLSHORTLINE,100
2020-09-14,CDLDOJI,100
2020-09-15,CDLSHORTLINE,100
2020-09-17,CDLSHORTLINE,100
2020-09-18,CDLSHORTLINE,100
2020-09-18,CDLDOJI,100
2020-09-21,CDLSHORTLINE,100
2020-09-23,CDLBELTHOLD,100
2020-09-24,CDLMARUBOZU,-100
2020-09-24,CDLLONGLINE,-100
2020-09-24,CDLBELTHOLD,-100
2020-09-24,CDLCLOSINGMARUBOZU,-100
2020-09-25,CDLSHORTLINE,100
2020-09-25,CDLHIKKAKE,100
2020-09-29,CDLSHORTLINE,100
2020-09-29,CDLDOJI,100
2020-09-30,CDLSHORTLINE,100
2020-09-30,CDLDOJI,100
2020-10-05,CDLSHORTLINE,100
2020-10-05,CDLDOJI,100
2020-10-06,CDLCLOSINGMARUBOZU,100
2020-10-07,CDLBELTHOLD,100
2020-10-08,CDLBELTHOLD,100
2020-10-12,CDLSHORTLINE,-100
2020-10-12,CDLINVERTEDHAMMER,100
2020-10-13,CDLLONGLINE,-100
2020-10-13,CDLBELTHOLD,-100
2020-10-13,CDLCLOSINGMARUBOZU,-100
2020-10-13,CDLMARUBOZU,-100
2020-10-14,CDLSHORTLINE,100
2020-10-15,CDLSHORTLINE,100
2020-10-16,CDLBELTHOLD,100
2020-10-16,CDLMARUBOZU,100
2020-10-16,CDLCLOSINGMARUBOZU,100
2020-10-16,CDLLONGLINE,100
2020-10-19,CDLCLOSINGMARUBOZU,-100
2020-10-19,CDLBELTHOLD,-100
2020-10-19,CDLCOUNTERATTACK,-100
2020-10-19,CDLLONGLINE,-100
2020-10-19,CDLMARUBOZU,-100
2020-10-20,CDLDOJI,100
2020-10-20,CDLSHORTLINE,100
2020-10-21,CDLLONGLINE,100
2020-10-21,CDLBELTHOLD,100
2020-10-21,CDLCLOSINGMARUBOZU,100
2020-10-21,CDLMARUBOZU,100
2020-10-22,CDLCLOSINGMARUBOZU,100
2020-10-23,CDLDOJI,100
2020-10-23,CDLSHORTLINE,100
2020-10-23,CDLDOJISTAR,-100
2020-10-26,CDLDOJI,100
2020-10-26,CDLSHORTLINE,100
2020-10-27,CDLBELTHOLD,100
2020-10-27,CDLLONGLINE,100
2020-10-27,CDLCLOSINGMARUBOZU,100
2020-10-27,CDLMARUBOZU,100
2020-10-28,CDLSHORTLINE,100
2020-10-28,CDLDOJI,100
2020-10-28,CDLDOJISTAR,-100
2020-10-29,CDLCLOSINGMARUBOZU,100
2020-10-30,CDLENGULFING,-100
2020-10-30,CDLCLOSINGMARUBOZU,-100
2020-11-02,CDLCLOSINGMARUBOZU,-100
2020-11-02,CDL3OUTSIDE,-100
2020-11-02,CDLMARUBOZU,-100
2020-11-02,CDLLONGLINE,-100
2020-11-02,CDLBELTHOLD,-100
2020-11-03,CDLBELTHOLD,100
2020-11-03,CDLPIERCING,100
2020-11-04,CDLMARUBOZU,-100
2020-11-04,CDLBELTHOLD,-100
2020-11-04,CDLLONGLINE,-100
2020-11-04,CDLCLOSINGMARUBOZU,-100
2020-11-05,CDLSPINNINGTOP,100
2020-11-06,CDLINVERTEDHAMMER,100
2020-11-09,CDLLONGLEGGEDDOJI,100
2020-11-09,CDLSHOOTINGSTAR,-100
2020-11-09,CDLGRAVESTONEDOJI,100
2020-11-09,CDLRICKSHAWMAN,100
2020-11-09,CDLSPINNINGTOP,100
2020-11-09,CDLDOJI,100
2020-11-10,CDLBELTHOLD,-100
2020-11-10,CDLLONGLINE,-100
2020-11-10,CDLCLOSINGMARUBOZU,-100
2020-11-10,CDLMARUBOZU,-100
2020-11-11,CDLCLOSINGMARUBOZU,100
2020-11-12,CDLBELTHOLD,-100
2020-11-12,CDLLONGLINE,-100
2020-11-12,CDLMARUBOZU,-100
2020-11-12,CDLCLOSINGMARUBOZU,-100
2020-11-13,CDLSPINNINGTOP,-100
2020-11-16,CDLHAMMER,100
2020-11-17,CDLSHORTLINE,-100
2020-11-18,CDLSHORTLINE,-100
2020-11-18,CDLDOJI,100
2020-11-18,CDLMATCHINGLOW,100
2020-11-18,CDLHIKKAKE,100
2020-11-19,CDLHIKKAKE,200
2020-11-19,CDLHIGHWAVE,100
2020-11-19,CDLDOJI,100
2020-11-19,CDLSPINNINGTOP,100
2020-11-19,CDLRICKSHAWMAN,100
2020-11-19,CDLLONGLEGGEDDOJI,100
2020-11-20,CDLSHORTLINE,-100
2020-11-23,CDLBELTHOLD,100
2020-11-23,CDLSEPARATINGLINES,100
2020-11-23,CDLLONGLINE,100
2020-11-23,CDLHIKKAKE,-100
2020-11-23,CDLMARUBOZU,100
2020-11-23,CDLCLOSINGMARUBOZU,100
2020-11-24,CDLSHOOTINGSTAR,-100
2020-11-25,CDLBELTHOLD,-100
2020-11-25,CDLLONGLINE,-100
2020-11-25,CDLXSIDEGAP3METHODS,100
2020-11-26,CDLLONGLINE,-100
2020-11-26,CDLCLOSINGMARUBOZU,-100
2020-11-30,CDLHAMMER,100
2020-12-01,CDLBELTHOLD,100
2020-12-01,CDLSEPARATINGLINES,100
2020-12-01,CDLXSIDEGAP3METHODS,-100
2020-12-02,CDLHARAMI,-100
2020-12-02,CDLSHORTLINE,100
2020-12-03,CDLSHORTLINE,-100
2020-12-03,CDL3INSIDE,-100
2020-12-03,CDLHIKKAKE,100
2020-12-04,CDLSHORTLINE,100
2020-12-08,CDLLONGLEGGEDDOJI,100
2020-12-08,CDLDOJI,100
2020-12-08,CDLTAKURI,100
2020-12-08,CDLHAMMER,100
2020-12-08,CDLDRAGONFLYDOJI,100
2020-12-10,CDLSHORTLINE,100
2020-12-10,CDLDOJI,100
2020-12-11,CDLDOJI,100
2020-12-11,CDLSHORTLINE,100
2020-12-14,CDLDOJI,100
2020-12-14,CDLSHORTLINE,100
2020-12-15,CDLDOJI,100
2020-12-15,CDLSHORTLINE,100
2020-12-16,CDLSHORTLINE,100
2020-12-16,CDLDOJI,100
2020-12-17,CDLDOJI,100
2020-12-17,CDLSHORTLINE,100
2020-12-18,CDLSHORTLINE,100
2020-12-18,CDLDOJI,100
2020-12-21,CDLDOJI,100
2020-12-21,CDLSHORTLINE,100
2020-12-22,CDLENGULFING,-100
2020-12-22,CDLCLOSINGMARUBOZU,-100
2020-12-23,CDL3OUTSIDE,-100
2020-12-23,CDLCLOSINGMARUBOZU,-100
2020-12-25,CDLBELTHOLD,-100
2020-12-25,CDLSEPARATINGLINES,-100
2020-12-29,CDLDOJI,100
2020-12-29,CDLSHORTLINE,100
2020-12-30,CDLSHORTLINE,-100
2020-12-31,CDLDOJI,100
2020-12-31,CDLSHORTLINE,-100
2021-01-05,CDLMARUBOZU,100
2021-01-05,CDLLONGLINE,100
2021-01-05,CDLENGULFING,100
2021-01-05,CDLCLOSINGMARUBOZU,100
2021-01-05,CDLBELTHOLD,100
2021-01-06,CDLSHOOTINGSTAR,-100
2021-01-06,CDL3OUTSIDE,100
2021-01-07,CDLSHORTLINE,-100
2021-01-08,CDLDRAGONFLYDOJI,100
2021-01-08,CDLHAMMER,100
2021-01-08,CDLDOJI,100
2021-01-08,CDLTAKURI,100
2021-01-08,CDLLONGLEGGEDDOJI,100
2021-01-11,CDLDOJI,100
2021-01-11,CDLSHORTLINE,100
2021-01-12,CDLBELTHOLD,-100
2021-01-12,CDLCLOSINGMARUBOZU,-100
2021-01-12,CDLMARUBOZU,-100
2021-01-12,CDLLONGLINE,-100
2021-01-12,CDLSEPARATINGLINES,-100
2021-01-12,CDLHIKKAKE,100
2021-01-13,CDLLONGLINE,100
2021-01-13,CDLBELTHOLD,100
2021-01-13,CDLCLOSINGMARUBOZU,100
2021-01-13,CDLMARUBOZU,100
2021-01-13,CDLHIKKAKE,200
2021-01-14,CDLHARAMI,-100
2021-01-18,CDLDOJI,100
2021-01-18,CDLSHORTLINE,100
2021-01-19,CDLBELTHOLD,-100
2021-01-19,CDLLONGLINE,-100
2021-01-19,CDLMARUBOZU,-100
2021-01-19,CDLENGULFING,-100
2021-01-19,CDLCLOSINGMARUBOZU,-100
2021-01-20,CDLDOJI,100
2021-01-20,CDLSHORTLINE,100
2021-01-21,CDLSHORTLINE,-100
2021-01-21,CDLDOJI,100
2021-01-21,CDLHIKKAKE,100
2021-01-22,CDLBELTHOLD,-100
2021-01-22,CDLCLOSINGMARUBOZU,-100
2021-01-22,CDLLONGLINE,-100
2021-01-22,CDLMARUBOZU,-100
2021-01-25,CDLDOJI,100
2021-01-25,CDLSHORTLINE,100
2021-01-26,CDLDOJI,100
2021-01-26,CDLSHORTLINE,100
2021-01-27,CDLSHORTLINE,100
2021-01-28,CDLSHORTLINE,100
2021-01-28,CDLDOJI,100
2021-01-29,CDLCLOSINGMARUBOZU,100
2021-01-29,CDLMARUBOZU,100
2021-01-29,CDLBELTHOLD,100
2021-01-29,CDLLONGLINE,100
2021-02-01,CDLCLOSINGMARUBOZU,-100
2021-02-01,CDLMARUBOZU,-100
2021-02-01,CDLBELTHOLD,-100
2021-02-01,CDLLONGLINE,-100
2021-02-02,CDLSHORTLINE,-100
2021-02-03,CDLCLOSINGMARUBOZU,100
2021-02-04,CDLDOJI,100
2021-02-04,CDLHARAMICROSS,-100
2021-02-04,CDLSHORTLINE,100
2021-02-04,CDLHARAMI,-100
2021-02-05,CDLSHORTLINE,100
2021-02-05,CDLHIKKAKE,100
2021-02-05,CDLDOJI,100
2021-02-17,CDLDOJI,100
2021-02-17,CDLGAPSIDESIDEWHITE,-100
2021-02-17,CDLSHORTLINE,100
2021-02-22,CDLDOJI,100
2021-02-22,CDLLONGLEGGEDDOJI,100
2021-02-22,CDLTAKURI,100
2021-02-22,CDLDRAGONFLYDOJI,100
2021-02-23,CDLSHOOTINGSTAR,-100
2021-02-24,CDLDOJI,100
2021-02-24,CDLSHORTLINE,100
2021-02-25,CDLDOJI,100
2021-02-25,CDLSHORTLINE,100
2021-02-26,CDLLONGLEGGEDDOJI,100
2021-02-26,CDLDOJI,100
2021-02-26,CDLSHORTLINE,100
2021-02-26,CDLINVERTEDHAMMER,100
2021-02-26,CDLGRAVESTONEDOJI,100
2021-03-02,CDLCLOSINGMARUBOZU,-100
2021-03-02,CDLBELTHOLD,-100
2021-03-02,CDLLONGLINE,-100
2021-03-02,CDLMARUBOZU,-100
2021-03-03,CDLHOMINGPIGEON,100
2021-03-03,CDLHARAMI,100
2021-03-08,CDLCLOSINGMARUBOZU,100
2021-03-09,CDLSHORTLINE,-100
2021-03-10,CDLDOJI,100
2021-03-10,CDLSHORTLINE,100
2021-03-11,CDLDOJI,100
2021-03-11,CDLSHORTLINE,100
2021-03-12,CDLCLOSINGMARUBOZU,-100
2021-03-15,CDLDOJI,100
2021-03-15,CDLSHORTLINE,100
2021-03-16,CDLCLOSINGMARUBOZU,100
2021-03-16,CDLBELTHOLD,100
2021-03-16,CDLLONGLINE,100
2021-03-16,CDLMARUBOZU,100
2021-03-17,CDLSHORTLINE,100
2021-03-17,CDLDOJI,100
2021-03-18,CDLCLOSINGMARUBOZU,100
2021-03-18,CDLBELTHOLD,100
2021-03-18,CDLLONGLINE,100
2021-03-18,CDLMARUBOZU,100
2021-03-19,CDLHANGINGMAN,-100
2021-03-22,CDLHANGINGMAN,-100
2021-03-23,CDLENGULFING,-100
2021-03-24,CDLSHORTLINE,100
2021-03-24,CDL3OUTSIDE,-100
2021-03-26,CDLLONGLINE,-100
2021-03-26,CDLMARUBOZU,-100
2021-03-26,CDLCLOSINGMARUBOZU,-100
2021-03-26,CDLBELTHOLD,-100
2021-03-29,CDLSPINNINGTOP,100
2021-03-29,CDLHIGHWAVE,100
2021-03-31,CDLHIKKAKE,-100
2021-03-31,CDLLONGLINE,100
2021-03-31,CDLMARUBOZU,100
2021-03-31,CDLCLOSINGMARUBOZU,100
2021-03-31,CDLBELTHOLD,100
2021-04-07,CDLSHORTLINE,-100
2021-04-09,CDLCLOSINGMARUBOZU,-100
2021-04-09,CDLMARUBOZU,-100
2021-04-09,CDLBELTHOLD,-100
2021-04-09,CDLLONGLINE,-100
2021-04-12,CDLHIKKAKE,100
2021-04-12,CDLPIERCING,100
2021-04-12,CDLCLOSINGMARUBOZU,100
2021-04-12,CDLLONGLINE,100
2021-04-13,CDLSHORTLINE,100
2021-04-14,CDLSHORTLINE,-100
2021-04-14,CDLDOJI,100
2021-04-15,CDLDOJI,100
2021-04-15,CDLSHORTLINE,100
2021-04-16,CDLSHORTLINE,100
2021-04-20,CDLGRAVESTONEDOJI,100
2021-04-20,CDLLONGLEGGEDDOJI,100
2021-04-20,CDLDOJI,100
2021-04-21,CDLDOJI,100
2021-04-21,CDLLONGLEGGEDDOJI,100
2021-04-21,CDLGRAVESTONEDOJI,100
2021-04-22,CDLSHORTLINE,-100
2021-04-22,CDLHIKKAKE,100
2021-04-23,CDLBELTHOLD,100
2021-04-26,CDLDOJI,100
2021-04-26,CDLSHORTLINE,100
2021-04-27,CDLCLOSINGMARUBOZU,-100
2021-04-27,CDLHIKKAKE,-100
2021-04-28,CDLDOJI,100
2021-04-28,CDLLONGLEGGEDDOJI,100
2021-04-28,CDLHAMMER,100
2021-04-28,CDLTAKURI,100
2021-04-28,CDLSHORTLINE,100
2021-04-29,CDLSHORTLINE,-100
2021-05-03,CDLDOJI,100
2021-05-03,CDLSHORTLINE,-100
2021-05-03,CDLHIKKAKE,-200
2021-05-04,CDLSHORTLINE,-100
2021-05-04,CDLDOJI,100
2021-05-05,CDLMARUBOZU,100
2021-05-05,CDLCLOSINGMARUBOZU,100
2021-05-05,CDLBELTHOLD,100
2021-05-05,CDLLONGLINE,100
2021-05-06,CDLDOJI,100
2021-05-06,CDLSHORTLINE,100
2021-05-07,CDLDOJI,100
2021-05-07,CDLSHORTLINE,100
2021-05-10,CDLGAPSIDESIDEWHITE,-100
2021-05-10,CDLSHORTLINE,100
2021-05-10,CDLDOJI,100
2021-05-11,CDLDOJI,100
2021-05-11,CDLSHORTLINE,100
2021-05-12,CDLBELTHOLD,-100
2021-05-13,CDLSHORTLINE,100
2021-05-13,CDLDOJI,100
2021-05-17,CDLDOJI,100
2021-05-17,CDLSHORTLINE,100
2021-05-18,CDLLONGLINE,100
2021-05-18,CDLHIKKAKE,-100
2021-05-18,CDLMARUBOZU,100
2021-05-18,CDLCLOSINGMARUBOZU,100
2021-05-18,CDLBELTHOLD,100
2021-05-19,CDLDOJI,100
2021-05-19,CDLSHORTLINE,100
2021-05-20,CDLDOJI,100
2021-05-20,CDLSHORTLINE,100
2021-05-21,CDLDOJI,100
2021-05-21,CDLSHORTLINE,100
2021-05-24,CDLDOJI,100
2021-05-24,CDLSHORTLINE,100
2021-05-25,CDLSHORTLINE,100
2021-05-25,CDLGAPSIDESIDEWHITE,-100
2021-05-25,CDLDOJI,100
2021-05-26,CDLSHORTLINE,100
2021-05-26,CDLDOJI,100
2021-05-27,CDLSHORTLINE,100
2021-05-27,CDLDOJI,100
2021-05-28,CDLSHORTLINE,100
2021-05-28,CDLDOJI,100
2021-05-31,CDLDOJI,100
2021-06-01,CDLDOJI,100
2021-06-02,CDLDOJI,100
2021-06-02,CDLTRISTAR,100
2021-06-03,CDLDOJI,100
2021-06-03,CDLGAPSIDESIDEWHITE,100
2021-06-04,CDLDOJI,100
2021-06-07,CDLDOJI,100
2021-06-08,CDLDOJI,100
2021-06-09,CDLDOJI,100
2021-06-10,CDLDOJI,100
2021-06-11,CDLDOJI,100
2021-06-15,CDLENGULFING,-100
2021-06-16,CDLCLOSINGMARUBOZU,100
2021-06-16,CDLBELTHOLD,100
2021-06-16,CDL3OUTSIDE,-100
2021-06-16,CDLMARUBOZU,100
2021-06-17,CDLBELTHOLD,-100
2021-06-18,CDLDOJI,100
2021-06-18,CDLSHORTLINE,100
2021-06-21,CDLSHORTLINE,100
2021-06-21,CDLDOJI,100
2021-06-22,CDLMARUBOZU,100
2021-06-22,CDLBELTHOLD,100
2021-06-22,CDLCLOSINGMARUBOZU,100
2021-06-22,CDLLONGLINE,100
2021-06-23,CDLSHORTLINE,100
2021-06-23,CDLDOJI,100
2021-06-24,CDLSHORTLINE,100
2021-06-24,CDLDOJI,100
2021-06-25,CDLDOJI,100
2021-06-25,CDLSHORTLINE,100
2021-06-28,CDLSHORTLINE,100
2021-06-28,CDLDOJI,100
2021-06-29,CDLSHORTLINE,100
2021-06-29,CDLDOJI,100
2021-06-30,CDLDOJI,100
2021-06-30,CDLGAPSIDESIDEWHITE,-100
2021-06-30,CDLSHORTLINE,100
2021-07-01,CDLSHORTLINE,100
2021-07-02,CDLDOJI,100
2021-07-05,CDLDOJI,100
2021-07-06,CDLDOJI,100
2021-07-07,CDLMARUBOZU,100
2021-07-07,CDLBELTHOLD,100
2021-07-07,CDLCLOSINGMARUBOZU,100
2021-07-08,CDLDOJI,100
2021-07-09,CDLDOJI,100
2021-07-12,CDLDOJI,100
2021-07-13,CDLCLOSINGMARUBOZU,-100
2021-07-14,CDLMARUBOZU,-100
2021-07-14,CDLCLOSINGMARUBOZU,-100
2021-07-14,CDLBELTHOLD,-100
2021-07-14,CDLLONGLINE,-100
2021-07-14,CDLMATCHINGLOW,100
2021-07-15,CDLCOUNTERATTACK,100
2021-07-15,CDLONNECK,-100
2021-07-15,CDLMARUBOZU,100
2021-07-15,CDLBELTHOLD,100
2021-07-15,CDLLONGLINE,100
2021-07-15,CDLINNECK,-100
2021-07-15,CDLCLOSINGMARUBOZU,100
2021-07-16,CDLDOJI,100
2021-07-16,CDLHARAMI,-100
2021-07-16,CDLHARAMICROSS,-100
2021-07-16,CDLSHORTLINE,100
2021-07-19,CDLDOJI,100
2021-07-19,CDLSHORTLINE,100
2021-07-20,CDLDOJI,100
2021-07-20,CDLSHORTLINE,100
2021-07-21,CDLSHORTLINE,100
2021-07-21,CDLDOJI,100
2021-07-21,CDLGAPSIDESIDEWHITE,100
2021-07-22,CDLSHORTLINE,100
2021-07-22,CDLDOJI,100
2021-07-23,CDLSHORTLINE,100
2021-07-23,CDLDOJI,100
2021-07-26,CDLDOJI,100
2021-07-26,CDLSHORTLINE,100
2021-07-27,CDLSHORTLINE,100
2021-07-27,CDLTRISTAR,-100
2021-07-27,CDLDOJI,100
2021-07-28,CDLDOJI,100
2021-07-29,CDLDOJI,100
2021-07-30,CDLGAPSIDESIDEWHITE,-100
2021-07-30,CDLDOJI,100
2021-08-02,CDLDOJI,100
2021-08-03,CDLDOJI,100
2021-08-05,CDLDOJI,100
2021-08-06,CDLDOJI,100
2021-08-09,CDLDOJI,100
2021-08-10,CDLDOJI,100
2021-08-11,CDLDOJI,100
2021-08-12,CDLBELTHOLD,-100
2021-08-12,CDLMARUBOZU,-100
2021-08-12,CDLCLOSINGMARUBOZU,-100
2021-08-13,CDLDOJI,100
2021-08-16,CDLDOJI,100
2021-08-17,CDLDOJI,100
2021-08-18,CDLDOJI,100
2021-08-19,CDLDOJI,100
2021-08-20,CDLDOJI,100
2021-08-23,CDLMARUBOZU,-100
2021-08-23,CDLBELTHOLD,-100
2021-08-23,CDLCLOSINGMARUBOZU,-100
2021-08-24,CDLCLOSINGMARUBOZU,100
2021-08-24,CDLENGULFING,100
2021-08-25,CDLCLOSINGMARUBOZU,-100
2021-08-25,CDLLONGLINE,-100
2021-08-25,CDLMARUBOZU,-100
2021-08-25,CDL3OUTSIDE,100
2021-08-25,CDLBELTHOLD,-100
2021-08-26,CDLDOJI,100
2021-08-26,CDLSHORTLINE,100
2021-08-27,CDLSHORTLINE,100
2021-08-27,CDLDOJI,100
2021-08-30,CDLBELTHOLD,100
2021-08-31,CDLSHORTLINE,100
2021-08-31,CDLHARAMI,-100
2021-08-31,CDLDOJI,100
2021-08-31,CDLHARAMICROSS,-100
2021-09-02,CDLINVERTEDHAMMER,100
2021-09-03,CDLBELTHOLD,100
2021-09-03,CDLCLOSINGMARUBOZU,100
2021-09-03,CDLMARUBOZU,100
2021-09-03,CDLLONGLINE,100
2021-09-06,CDLDOJI,100
2021-09-06,CDLSHORTLINE,100
2021-09-07,CDLSHORTLINE,100
2021-09-07,CDLDOJI,100
2021-09-08,CDLCLOSINGMARUBOZU,100
2021-09-08,CDLBELTHOLD,100
2021-09-08,CDLLONGLINE,100
2021-09-08,CDLMARUBOZU,100
2021-09-09,CDLDOJI,100
2021-09-09,CDLHARAMICROSS,-100
2021-09-09,CDLSHORTLINE,100
2021-09-09,CDLHARAMI,-100
2021-09-10,CDLHIKKAKE,-100
2021-09-10,CDLCLOSINGMARUBOZU,100
2021-09-13,CDLBELTHOLD,-100
2021-09-14,CDLGRAVESTONEDOJI,100
2021-09-14,CDLDOJI,100
2021-09-14,CDLLONGLEGGEDDOJI,100
2021-09-15,CDLLONGLINE,100
2021-09-15,CDLCLOSINGMARUBOZU,100
2021-09-15,CDLBELTHOLD,100
2021-09-15,CDLMARUBOZU,100
2021-09-22,CDLBELTHOLD,-100
2021-09-22,CDLENGULFING,-100
2021-09-23,CDLCLOSINGMARUBOZU,-100
2021-09-23,CDLBELTHOLD,-100
2021-09-23,CDLMARUBOZU,-100
2021-09-23,CDLLONGLINE,-100
2021-09-23,CDL3OUTSIDE,-100
2021-09-24,CDLSHORTLINE,-100
2021-09-28,CDLCLOSINGMARUBOZU,100
2021-09-28,CDLLADDERBOTTOM,100
2021-09-28,CDLBELTHOLD,100
2021-09-28,CDLMARUBOZU,100
2021-09-28,CDLSEPARATINGLINES,100
2021-09-28,CDLLONGLINE,100
2021-09-30,CDLSHORTLINE,100
2021-09-30,CDLDOJI,100
2021-10-01,CDLCLOSINGMARUBOZU,100
2021-10-01,CDLMARUBOZU,100
2021-10-01,CDLLONGLINE,100
2021-10-01,CDLBELTHOLD,100
2021-10-04,CDLCLOSINGMARUBOZU,100
2021-10-05,CDLTAKURI,100
2021-10-05,CDLDRAGONFLYDOJI,100
2021-10-05,CDLLONGLEGGEDDOJI,100
2021-10-05,CDLHIKKAKE,100
2021-10-05,CDLDOJI,100
2021-10-05,CDLHAMMER,100
2021-10-06,CDLSHORTLINE,-100
2021-10-07,CDLSHORTLINE,100
2021-10-08,CDLDOJI,100
2021-10-08,CDLSHORTLINE,-100
2021-10-12,CDLDOJI,100
2021-10-12,CDLSHORTLINE,100
2021-10-12,CDLLONGLEGGEDDOJI,100
2021-10-13,CDLSHORTLINE,-100
2021-10-14,CDLSHORTLINE,100
2021-10-15,CDLHIKKAKE,-100
2021-10-15,CDLSHOOTINGSTAR,-100
2021-10-18,CDLSHORTLINE,100
2021-10-18,CDLDOJI,100
2021-10-19,CDLHIKKAKE,-100
2021-10-19,CDLBELTHOLD,100
2021-10-20,CDLDOJI,100
2021-10-20,CDLHARAMICROSS,-100
2021-10-20,CDLSHORTLINE,100
2021-10-20,CDLHARAMI,-100
2021-10-21,CDLSHORTLINE,100
2021-10-21,CDLHIKKAKE,100
2021-10-22,CDLBELTHOLD,100
2021-10-22,CDLHIKKAKE,200
2021-10-22,CDLCLOSINGMARUBOZU,100
2021-10-22,CDLMARUBOZU,100
2021-10-22,CDLLONGLINE,100
2021-10-25,CDLSHORTLINE,100
2021-10-26,CDLSHORTLINE,-100
2021-10-27,CDLHIGHWAVE,100
2021-10-27,CDLSPINNINGTOP,100
2021-10-29,CDLDOJI,100
2021-10-29,CDLSHORTLINE,100
2021-11-01,CDLBELTHOLD,-100
2021-11-02,CDLINVERTEDHAMMER,100
2021-11-02,CDLLONGLEGGEDDOJI,100
2021-11-02,CDLDOJI,100
2021-11-02,CDLRICKSHAWMAN,100
2021-11-02,CDLSPINNINGTOP,-100
2021-11-02,CDLDOJISTAR,100
2021-11-02,CDLGRAVESTONEDOJI,100
2021-11-03,CDLCLOSINGMARUBOZU,100
2021-11-03,CDLLONGLINE,100
2021-11-04,CDLDOJI,100
2021-11-04,CDLGRAVESTONEDOJI,100
2021-11-04,CDLLONGLEGGEDDOJI,100
2021-11-05,CDLINVERTEDHAMMER,100
2021-11-08,CDLCLOSINGMARUBOZU,100
2021-11-08,CDLLONGLINE,100
2021-11-09,CDLCLOSINGMARUBOZU,100
2021-11-09,CDLLONGLINE,100
2021-11-09,CDLBELTHOLD,100
2021-11-09,CDLMARUBOZU,100
2021-11-10,CDLLONGLINE,100
2021-11-10,CDLCLOSINGMARUBOZU,100
2021-11-11,CDLDARKCLOUDCOVER,-100
2021-11-12,CDLHAMMER,100
2021-11-15,CDLLONGLINE,100
2021-11-15,CDLENGULFING,100
2021-11-15,CDLBELTHOLD,100
2021-11-16,CDLCLOSINGMARUBOZU,-100
2021-11-16,CDLBELTHOLD,-100
2021-11-16,CDLMARUBOZU,-100
2021-11-16,CDLLONGLINE,-100
2021-11-17,CDLSHORTLINE,-100
2021-11-19,CDLRICKSHAWMAN,100
2021-11-19,CDLHARAMICROSS,-100
2021-11-19,CDLDOJI,100
2021-11-19,CDLHIGHWAVE,-100
2021-11-19,CDLHARAMI,-100
2021-11-19,CDLLONGLEGGEDDOJI,100
2021-11-19,CDLSPINNINGTOP,-100
2021-11-22,CDL3INSIDE,-100
2021-11-22,CDLHIKKAKE,100
2021-11-23,CDLDOJI,100
2021-11-23,CDLSHORTLINE,100
2021-11-23,CDLLONGLEGGEDDOJI,100
2021-11-24,CDLHAMMER,100
2021-11-24,CDLHIKKAKE,100
2021-11-25,CDLDOJI,100
2021-11-25,CDLSHORTLINE,100
2021-11-26,CDLLONGLINE,100
2021-11-26,CDLCLOSINGMARUBOZU,100
2021-11-29,CDLDOJI,100
2021-11-29,CDLSHORTLINE,100
2021-11-30,CDLSHORTLINE,100
2021-11-30,CDLDOJI,100
2021-12-01,CDLBELTHOLD,100
2021-12-01,CDLLONGLINE,100
2021-12-01,CDLCLOSINGMARUBOZU,100
2021-12-01,CDLMARUBOZU,100
2021-12-02,CDLMARUBOZU,-100
2021-12-02,CDLLONGLINE,-100
2021-12-02,CDLBELTHOLD,-100
2021-12-02,CDLCLOSINGMARUBOZU,-100
2021-12-03,CDLDOJI,100
2021-12-03,CDLSHORTLINE,100
2021-12-06,CDLMARUBOZU,100
2021-12-06,CDLBELTHOLD,100
2021-12-06,CDLCLOSINGMARUBOZU,100
2021-12-06,CDLLONGLINE,100
2021-12-07,CDLSHORTLINE,-100
2021-12-08,CDLSHORTLINE,100
2021-12-08,CDLDOJI,100
2021-12-09,CDLBELTHOLD,-100
2021-12-09,CDLMARUBOZU,-100
2021-12-09,CDLENGULFING,-100
2021-12-09,CDLCLOSINGMARUBOZU,-100
2021-12-10,CDLHOMINGPIGEON,100
2021-12-10,CDLHARAMI,100
2021-12-13,CDLDOJI,100
2021-12-13,CDLSHORTLINE,100
2021-12-14,CDLSHORTLINE,100
2021-12-15,CDLSHORTLINE,100
2021-12-15,CDLDOJI,100
2021-12-16,CDLHIKKAKE,100
2021-12-17,CDLSHORTLINE,100
2021-12-20,CDLHANGINGMAN,-100
2021-12-20,CDLHIKKAKE,-100
2021-12-21,CDLSPINNINGTOP,100
2021-12-22,CDLMARUBOZU,-100
2021-12-22,CDLLONGLINE,-100
2021-12-22,CDLCLOSINGMARUBOZU,-100
2021-12-22,CDLBELTHOLD,-100
2021-12-23,CDLMATCHINGLOW,100
2021-12-24,CDLSHORTLINE,100
2021-12-24,CDLDOJI,100
2021-12-27,CDLSHORTLINE,100
2021-12-27,CDLDOJI,100
2021-12-28,CDLLONGLINE,100
2021-12-28,CDLMARUBOZU,100
2021-12-28,CDLCLOSINGMARUBOZU,100
2021-12-28,CDLBELTHOLD,100
2021-12-29,CDLCLOSINGMARUBOZU,100
2021-12-30,CDLDOJI,100
2021-12-30,CDLSHORTLINE,100
2022-01-03,CDLDOJI,100
2022-01-03,CDLSHORTLINE,100
2022-01-04,CDLSHORTLINE,100
2022-01-04,CDLGAPSIDESIDEWHITE,-100
2022-01-04,CDLDOJI,100
2022-01-05,CDLCLOSINGMARUBOZU,-100
2022-01-05,CDLMARUBOZU,-100
2022-01-05,CDLBELTHOLD,-100
2022-01-05,CDLLONGLINE,-100
2022-01-05,CDLSEPARATINGLINES,-100
2022-01-06,CDLSHORTLINE,100
2022-01-06,CDLDOJI,100
2022-01-07,CDLBELTHOLD,-100
2022-01-10,CDLDOJI,100
2022-01-10,CDLSHORTLINE,100
2022-01-12,CDLMARUBOZU,100
2022-01-12,CDLLONGLINE,100
2022-01-12,CDLBELTHOLD,100
2022-01-12,CDLCLOSINGMARUBOZU,100
2022-01-13,CDLSHORTLINE,100
2022-01-13,CDLHARAMI,-100
2022-01-13,CDLDOJI,100
2022-01-13,CDLHARAMICROSS,-100
2022-01-14,CDL3INSIDE,-100
2022-01-14,CDLBELTHOLD,-100
2022-01-14,CDLHIKKAKE,100
2022-01-17,CDLBELTHOLD,100
2022-01-17,CDLCLOSINGMARUBOZU,100
2022-01-17,CDLMARUBOZU,100
2022-01-17,CDLLONGLINE,100
2022-01-17,CDLINNECK,-100
2022-01-17,CDLCOUNTERATTACK,100
2022-01-18,CDLDOJI,100
2022-01-18,CDLSHORTLINE,100
2022-01-19,CDLSHORTLINE,-100
2022-01-20,CDLCLOSINGMARUBOZU,-100
2022-01-20,CDLBELTHOLD,-100
2022-01-20,CDLMARUBOZU,-100
2022-01-20,CDLLONGLINE,-100
2022-01-24,CDLSHORTLINE,-100
2022-01-25,CDLSHORTLINE,100
2022-01-25,CDLDOJI,100
2022-01-26,CDLSHORTLINE,100
2022-01-26,CDLDOJI,100
2022-02-07,CDLGAPSIDESIDEWHITE,100
2022-02-07,CDLSHORTLINE,100
2022-02-07,CDLDOJI,100
2022-02-08,CDLSHORTLINE,100
2022-02-09,CDLDOJI,100
2022-02-09,CDLSHORTLINE,100
2022-02-10,CDLSHORTLINE,100
2022-02-10,CDLDOJI,100
2022-02-14,CDLDOJI,100
2022-02-14,CDLHARAMICROSS,-100
2022-02-14,CDLSHORTLINE,100
2022-02-14,CDLHARAMI,-100
2022-02-15,CDLSEPARATINGLINES,-100
2022-02-15,CDLLONGLINE,-100
2022-02-15,CDLBELTHOLD,-100
2022-02-15,CDLMARUBOZU,-100
2022-02-15,CDLCLOSINGMARUBOZU,-100
2022-02-16,CDLMARUBOZU,100
2022-02-16,CDLLONGLINE,100
2022-02-16,CDLCLOSINGMARUBOZU,100
2022-02-16,CDLBELTHOLD,100
2022-02-17,CDLDARKCLOUDCOVER,-100
2022-02-17,CDLBELTHOLD,-100
2022-02-18,CDLMARUBOZU,-100
2022-02-18,CDLLONGLINE,-100
2022-02-18,CDLCLOSINGMARUBOZU,-100
2022-02-18,CDLBELTHOLD,-100
2022-02-21,CDLDOJISTAR,100
2022-02-21,CDLSHORTLINE,100
2022-02-21,CDLHIKKAKE,100
2022-02-21,CDLDOJI,100
2022-02-22,CDLMARUBOZU,-100
2022-02-22,CDLCLOSINGMARUBOZU,-100
2022-02-22,CDLLONGLINE,-100
2022-02-22,CDLBELTHOLD,-100
2022-02-23,CDLSHORTLINE,100
2022-02-23,CDLDOJI,100
2022-02-24,CDLLONGLINE,-100
2022-02-24,CDLCLOSINGMARUBOZU,-100
2022-02-24,CDLBELTHOLD,-100
2022-02-24,CDLMARUBOZU,-100
2022-02-25,CDLBELTHOLD,100
2022-02-25,CDLCLOSINGMARUBOZU,100
2022-02-25,CDLMARUBOZU,100
2022-03-01,CDLCLOSINGMARUBOZU,100
2022-03-02,CDLBELTHOLD,-100
2022-03-03,CDLSHORTLINE,100
2022-03-03,CDLDOJI,100
2022-03-04,CDLENGULFING,-100
2022-03-09,CDLINVERTEDHAMMER,100
2022-03-10,CDLSHORTLINE,-100
2022-03-11,CDLMARUBOZU,-100
2022-03-11,CDLLONGLINE,-100
2022-03-11,CDLCLOSINGMARUBOZU,-100
2022-03-11,CDLBELTHOLD,-100
2022-03-14,CDLDOJI,100
2022-03-14,CDLDOJISTAR,100
2022-03-14,CDLSHORTLINE,100
2022-03-15,CDLSHORTLINE,-100
2022-03-16,CDLSHORTLINE,100
2022-03-17,CDLCLOSINGMARUBOZU,100
2022-03-17,CDLMARUBOZU,100
2022-03-17,CDLLONGLINE,100
2022-03-17,CDLBELTHOLD,100
2022-03-18,CDLSHORTLINE,100
2022-03-18,CDLDOJI,100
2022-03-21,CDLDOJI,100
2022-03-21,CDLSHORTLINE,100
2022-03-22,CDLSHORTLINE,100
2022-03-23,CDLHANGINGMAN,-100
2022-03-24,CDLSHORTLINE,100
2022-03-25,CDLSHORTLINE,100
2022-03-25,CDLDOJI,100
2022-03-28,CDLLONGLINE,100
2022-03-28,CDLBELTHOLD,100
2022-03-28,CDLMARUBOZU,100
2022-03-28,CDLCLOSINGMARUBOZU,100
2022-03-29,CDLCLOSINGMARUBOZU,100
2022-03-30,CDLLONGLINE,-100
2022-03-30,CDLBELTHOLD,-100
2022-03-30,CDLCLOSINGMARUBOZU,-100
2022-03-30,CDLMARUBOZU,-100
2022-03-31,CDLHIKKAKE,-100
2022-03-31,CDLCLOSINGMARUBOZU,100
2022-04-06,CDLBELTHOLD,-100
2022-04-06,CDLLONGLINE,-100
2022-04-07,CDLHIKKAKE,100
2022-04-07,CDLBELTHOLD,-100
2022-04-07,CDLCLOSINGMARUBOZU,-100
2022-04-07,CDLLONGLINE,-100
2022-04-07,CDLMARUBOZU,-100
2022-04-08,CDLSHORTLINE,100
2022-04-11,CDLGAPSIDESIDEWHITE,100
2022-04-12,CDLCLOSINGMARUBOZU,100
2022-04-12,CDLHIKKAKE,200
2022-04-13,CDLHARAMI,-100
2022-04-14,CDLSHORTLINE,100
2022-04-15,CDLMARUBOZU,-100
2022-04-15,CDLLONGLINE,-100
2022-04-15,CDLBELTHOLD,-100
2022-04-15,CDLCLOSINGMARUBOZU,-100
2022-04-15,CDLHIKKAKE,100
2022-04-18,CDLCLOSINGMARUBOZU,100
2022-04-18,CDLBELTHOLD,100
2022-04-18,CDLLONGLINE,100
2022-04-18,CDLMARUBOZU,100
2022-04-19,CDLDOJI,100
2022-04-19,CDLDOJISTAR,-100
2022-04-19,CDLSHORTLINE,100
2022-04-19,CDLHIKKAKE,200
2022-04-20,CDLENGULFING,-100
2022-04-20,CDLBELTHOLD,-100
2022-04-21,CDLSHORTLINE,100
2022-04-21,CDLDOJI,100
2022-04-22,CDLSHORTLINE,100
2022-04-22,CDLDOJI,100
2022-04-25,CDLDOJI,100
2022-04-25,CDLSHORTLINE,100
2022-04-26,CDLDOJI,100
2022-04-26,CDLSHORTLINE,100
2022-04-27,CDLDOJI,100
2022-04-27,CDLSHORTLINE,100
2022-04-28,CDLLONGLINE,100
2022-04-28,CDLBELTHOLD,100
2022-04-28,CDLMARUBOZU,100
2022-04-28,CDLCLOSINGMARUBOZU,100
2022-04-29,CDLLONGLINE,-100
2022-04-29,CDLMARUBOZU,-100
2022-04-29,CDLCLOSINGMARUBOZU,-100
2022-04-29,CDLBELTHOLD,-100
2022-05-03,CDLSHORTLINE,100
2022-05-03,CDLDOJI,100
2022-05-04,CDLSHOOTINGSTAR,-100
2022-05-09,CDLMARUBOZU,-100
2022-05-09,CDLLONGLINE,-100
2022-05-09,CDLCLOSINGMARUBOZU,-100
2022-05-09,CDLBELTHOLD,-100
2022-05-10,CDLSHORTLINE,100
2022-05-10,CDLDOJI,100
2022-05-10,CDLHARAMI,100
2022-05-10,CDLHARAMICROSS,100
2022-05-11,CDLDOJI,100
2022-05-11,CDLSHORTLINE,100
2022-05-12,CDLMARUBOZU,-100
2022-05-12,CDLLONGLINE,-100
2022-05-12,CDLBELTHOLD,-100
2022-05-12,CDLCLOSINGMARUBOZU,-100
2022-05-13,CDLDOJI,100
2022-05-13,CDLGRAVESTONEDOJI,100
2022-05-13,CDLDOJISTAR,100
2022-05-13,CDLLONGLEGGEDDOJI,100
2022-05-13,CDLINVERTEDHAMMER,100
2022-05-16,CDLDOJI,100
2022-05-16,CDLSHORTLINE,100
2022-05-17,CDLSHORTLINE,-100
2022-05-18,CDLMARUBOZU,100
2022-05-18,CDLLONGLINE,100
2022-05-18,CDLBELTHOLD,100
2022-05-18,CDLCLOSINGMARUBOZU,100
2022-05-19,CDLBELTHOLD,-100
2022-05-19,CDLLONGLINE,-100
2022-05-20,CDLSHORTLINE,100
2022-05-20,CDLDOJI,100
2022-05-23,CDLMARUBOZU,100
2022-05-23,CDLHIKKAKE,-100
2022-05-23,CDLCLOSINGMARUBOZU,100
2022-05-23,CDLLONGLINE,100
2022-05-23,CDLBELTHOLD,100
2022-05-24,CDLDOJI,100
2022-05-24,CDLDOJISTAR,-100
2022-05-24,CDLSHORTLINE,100
2022-05-25,CDLBELTHOLD,-100
2022-05-25,CDLCLOSINGMARUBOZU,-100
2022-05-25,CDLMARUBOZU,-100
2022-05-25,CDLLONGLINE,-100
2022-05-25,CDLEVENINGSTAR,-100
2022-05-25,CDLEVENINGDOJISTAR,-100
2022-05-25,CDLENGULFING,-100
2022-05-26,CDLSHORTLINE,100
2022-05-26,CDLDOJI,100
2022-05-27,CDLSHORTLINE,100
2022-05-27,CDLDOJI,100
2022-05-30,CDLDOJI,100
2022-05-30,CDLSHORTLINE,100
2022-05-31,CDLSHORTLINE,100
2022-05-31,CDLDOJI,100
2022-06-01,CDLDOJI,100
2022-06-01,CDLSHORTLINE,100
2022-06-02,CDLDOJI,100
2022-06-02,CDLSHORTLINE,100
2022-06-06,CDLDOJI,100
2022-06-06,CDLTRISTAR,-100
2022-06-07,CDLCLOSINGMARUBOZU,-100
2022-06-07,CDLMARUBOZU,-100
2022-06-07,CDLBELTHOLD,-100
2022-06-08,CDLONNECK,-100
2022-06-08,CDLCOUNTERATTACK,100
2022-06-08,CDLCLOSINGMARUBOZU,100
2022-06-08,CDLINNECK,-100
2022-06-09,CDLCLOSINGMARUBOZU,100
2022-06-10,CDLDOJI,100
2022-06-10,CDLSHORTLINE,100
2022-06-13,CDLSHORTLINE,100
2022-06-13,CDLDOJI,100
2022-06-14,CDLDOJI,100
2022-06-14,CDLSHORTLINE,100
2022-06-14,CDLTRISTAR,100
2022-06-15,CDLDOJI,100
2022-06-15,CDLGAPSIDESIDEWHITE,100
2022-06-15,CDLSHORTLINE,100
2022-06-16,CDLSHORTLINE,100
2022-06-16,CDLDOJI,100
2022-06-17,CDLTRISTAR,100
2022-06-17,CDLDOJI,100
2022-06-17,CDLSHORTLINE,100
2022-06-20,CDLBELTHOLD,100
2022-06-21,CDLCLOSINGMARUBOZU,-100
2022-06-21,CDLLONGLINE,-100
2022-06-21,CDLMARUBOZU,-100
2022-06-21,CDLBELTHOLD,-100
2022-06-22,CDLCLOSINGMARUBOZU,-100
2022-06-23,CDLLONGLINE,100
2022-06-23,CDLTHRUSTING,-100
2022-06-23,CDLCLOSINGMARUBOZU,100
2022-06-23,CDLBELTHOLD,100
2022-06-23,CDLMARUBOZU,100
2022-06-24,CDLHARAMICROSS,-100
2022-06-24,CDLDOJI,100
2022-06-24,CDLHARAMI,-100
2022-06-24,CDLSHORTLINE,100
2022-06-27,CDLMARUBOZU,100
2022-06-27,CDLLONGLINE,100
2022-06-27,CDLHIKKAKE,-100
2022-06-27,CDLBELTHOLD,100
2022-06-27,CDLCLOSINGMARUBOZU,100
2022-06-28,CDLBELTHOLD,-100
2022-06-29,CDLBELTHOLD,100
2022-06-29,CDLCOUNTERATTACK,100
2022-06-29,CDLLONGLINE,100
2022-06-29,CDLCLOSINGMARUBOZU,100
2022-06-29,CDLMARUBOZU,100
2022-06-30,CDLBELTHOLD,100
2022-06-30,CDLMARUBOZU,100
2022-06-30,CDLLONGLINE,100
2022-06-30,CDLCLOSINGMARUBOZU,100
2022-07-01,CDLSHORTLINE,-100
2022-07-01,CDLHARAMI,-100
2022-07-04,CDLSHORTLINE,100
2022-07-04,CDLHIKKAKE,-100
2022-07-04,CDLDOJI,100
2022-07-05,CDLSHORTLINE,-100
2022-07-06,CDLSHORTLINE,100
2022-07-06,CDLDOJI,100
2022-07-07,CDLSHORTLINE,100
2022-07-07,CDLDOJI,100
2022-07-08,CDLDOJI,100
2022-07-08,CDLSHORTLINE,100
2022-07-12,CDLHARAMICROSS,-100
2022-07-12,CDLHARAMI,-100
2022-07-12,CDLSHORTLINE,100
2022-07-12,CDLDOJI,100
2022-07-13,CDLDOJI,100
2022-07-13,CDLSHORTLINE,100
2022-07-15,CDLBELTHOLD,-100
2022-07-15,CDLLONGLINE,-100
2022-07-18,CDLDOJI,100
2022-07-18,CDLSHORTLINE,100
2022-07-19,CDLHIKKAKE,-100
2022-07-19,CDLSHOOTINGSTAR,-100
2022-07-20,CDLSHORTLINE,-100
2022-07-20,CDLTASUKIGAP,100
2022-07-21,CDLDOJI,100
2022-07-21,CDLSHORTLINE,100
2022-07-22,CDLDOJI,100
2022-07-22,CDLSHORTLINE,100
2022-07-25,CDLSHORTLINE,-100
2022-07-26,CDLSHORTLINE,100
2022-07-26,CDLLONGLEGGEDDOJI,100
2022-07-26,CDLDOJI,100
2022-07-26,CDLGRAVESTONEDOJI,100
2022-07-26,CDLINVERTEDHAMMER,100
2022-07-27,CDLSHORTLINE,100
2022-07-27,CDLDOJI,100
2022-07-28,CDLSHORTLINE,100
2022-07-28,CDLDOJI,100
2022-07-29,CDLBELTHOLD,100
2022-07-29,CDLCLOSINGMARUBOZU,100
2022-07-29,CDLMARUBOZU,100
2022-07-29,CDLLONGLINE,100
2022-08-01,CDLBELTHOLD,-100
2022-08-01,CDLLONGLINE,-100
2022-08-01,CDLCLOSINGMARUBOZU,-100
2022-08-01,CDLENGULFING,-100
2022-08-01,CDLMARUBOZU,-100
2022-08-02,CDLHARAMI,100
2022-08-03,CDLHIKKAKE,-100
2022-08-03,CDLBELTHOLD,100
2022-08-05,CDLLONGLINE,100
2022-08-05,CDLCLOSINGMARUBOZU,100
2022-08-05,CDLBELTHOLD,100
2022-08-05,CDLMARUBOZU,100
2022-08-08,CDLSHORTLINE,100
2022-08-08,CDLDOJI,100
2022-08-09,CDLSHORTLINE,100
2022-08-09,CDLDOJI,100
2022-08-10,CDLCLOSINGMARUBOZU,-100
2022-08-11,CDLSHORTLINE,-100
2022-08-12,CDLSHORTLINE,100
2022-08-15,CDLSHORTLINE,-100
2022-08-16,CDLSHORTLINE,100
2022-08-16,CDLDOJI,100
2022-08-17,CDLSHORTLINE,100
2022-08-17,CDLDOJI,100
2022-08-18,CDLSHORTLINE,100
2022-08-18,CDLGAPSIDESIDEWHITE,100
2022-08-18,CDLDOJI,100
2022-08-19,CDLDOJI,100
2022-08-19,CDLSHORTLINE,100
2022-08-22,CDLSHORTLINE,100
2022-08-23,CDLDOJI,100
2022-08-23,CDLSHORTLINE,100
2022-08-24,CDLCLOSINGMARUBOZU,100
2022-08-24,CDLBELTHOLD,100
2022-08-24,CDLMARUBOZU,100
2022-08-24,CDLLONGLINE,100
2022-08-25,CDLDOJI,100
2022-08-26,CDLDOJI,100
2022-08-29,CDLDOJI,100
2022-08-30,CDLBELTHOLD,100
2022-08-30,CDLMARUBOZU,100
2022-08-30,CDLCLOSINGMARUBOZU,100
2022-08-31,CDLDOJI,100
2022-09-01,CDLBELTHOLD,100
2022-09-01,CDLMARUBOZU,100
2022-09-01,CDLCLOSINGMARUBOZU,100
2022-09-02,CDLHARAMI,-100
2022-09-05,CDLBELTHOLD,-100
2022-09-05,CDLENGULFING,-100
2022-09-05,CDLMARUBOZU,-100
2022-09-05,CDLCLOSINGMARUBOZU,-100
2022-09-06,CDLDOJI,100
2022-09-06,CDLHARAMICROSS,100
2022-09-06,CDLHARAMI,100
2022-09-07,CDLDOJI,100
2022-09-07,CDLHIKKAKE,100
2022-09-08,CDLGAPSIDESIDEWHITE,-100
2022-09-08,CDLDOJI,100
2022-09-12,CDLDOJI,100
2022-09-14,CDLDOJI,100
2022-09-15,CDLDOJI,100
2022-09-16,CDLMARUBOZU,-100
2022-09-16,CDLCLOSINGMARUBOZU,-100
2022-09-16,CDLBELTHOLD,-100
2022-09-19,CDLDOJI,100
2022-09-20,CDLDOJI,100
2022-09-21,CDLMARUBOZU,100
2022-09-21,CDLBELTHOLD,100
2022-09-21,CDLCLOSINGMARUBOZU,100
2022-09-22,CDLMARUBOZU,-100
2022-09-22,CDLBELTHOLD,-100
2022-09-22,CDLCLOSINGMARUBOZU,-100
2022-09-23,CDLTHRUSTING,-100
2022-09-23,CDLMARUBOZU,100
2022-09-23,CDLBELTHOLD,100
2022-09-23,CDLCLOSINGMARUBOZU,100
2022-09-23,CDLHIKKAKE,100
2022-09-27,CDLDOJI,100
2022-09-27,CDLSHORTLINE,100
2022-09-28,CDLMARUBOZU,-100
2022-09-28,CDLBELTHOLD,-100
2022-09-28,CDLLONGLINE,-100
2022-09-28,CDLHIKKAKE,-100
2022-09-28,CDLCLOSINGMARUBOZU,-100
2022-09-29,CDLSHORTLINE,100
2022-09-29,CDLDOJI,100
2022-09-29,CDLHARAMI,100
2022-09-29,CDLHARAMICROSS,100
2022-09-30,CDLLONGLINE,-100
2022-09-30,CDLHIKKAKE,100
2022-09-30,CDLMARUBOZU,-100
2022-09-30,CDLBELTHOLD,-100
2022-09-30,CDLCLOSINGMARUBOZU,-100
2022-10-03,CDLSHORTLINE,-100
2022-10-04,CDLLONGLINE,-100
2022-10-04,CDLMARUBOZU,-100
2022-10-04,CDLCLOSINGMARUBOZU,-100
2022-10-04,CDLBELTHOLD,-100
2022-10-05,CDLHARAMI,100
2022-10-05,CDLHARAMICROSS,100
2022-10-05,CDLDOJI,100
2022-10-05,CDLSHORTLINE,100
2022-10-06,CDLMARUBOZU,-100
2022-10-06,CDLBELTHOLD,-100
2022-10-06,CDLSEPARATINGLINES,-100
2022-10-06,CDLLONGLINE,-100
2022-10-06,CDLCLOSINGMARUBOZU,-100
2022-10-07,CDLCLOSINGMARUBOZU,100
2022-10-11,CDLBELTHOLD,-100
2022-10-13,CDLHANGINGMAN,-100
2022-10-18,CDLSPINNINGTOP,100
2022-10-18,CDLHIGHWAVE,100
2022-10-18,CDLDOJI,100
2022-10-18,CDLRICKSHAWMAN,100
2022-10-18,CDLLONGLEGGEDDOJI,100
2022-10-19,CDLHANGINGMAN,-100
2022-10-20,CDLCLOSINGMARUBOZU,100
2022-10-20,CDLLONGLINE,100
2022-10-20,CDLBELTHOLD,100
2022-10-20,CDLMARUBOZU,100
2022-10-25,CDLDOJI,100
2022-10-25,CDLSHORTLINE,100
2022-10-26,CDLDOJI,100
2022-10-26,CDLSHORTLINE,100
2022-10-27,CDLDOJI,100
2022-10-27,CDLSHORTLINE,100
2022-10-28,CDLSHORTLINE,-100
2022-10-28,CDLDOJI,100
2022-10-31,CDLSHORTLINE,100
2022-10-31,CDLDOJI,100
2022-11-01,CDLCLOSINGMARUBOZU,100
2022-11-03,CDLCLOSINGMARUBOZU,100
2022-11-07,CDLCLOSINGMARUBOZU,100
2022-11-08,CDLLONGLINE,100
2022-11-08,CDLCLOSINGMARUBOZU,100
2022-11-09,CDLHIKKAKE,100
2022-11-09,CDLSHORTLINE,100
2022-11-10,CDLLONGLEGGEDDOJI,100
2022-11-10,CDLDOJI,100
2022-11-10,CDLTAKURI,100
2022-11-10,CDLHANGINGMAN,-100
2022-11-10,CDLDRAGONFLYDOJI,100
2022-11-11,CDLLONGLEGGEDDOJI,100
2022-11-11,CDLGRAVESTONEDOJI,100
2022-11-11,CDLDOJI,100
2022-11-11,CDLINVERTEDHAMMER,100
2022-11-14,CDLSHORTLINE,100
2022-11-15,CDLDOJI,100
2022-11-15,CDLHIKKAKE,-100
2022-11-15,CDLSHORTLINE,-100
2022-11-16,CDLSHORTLINE,-100
2022-11-16,CDLHIKKAKE,-200
2022-11-17,CDLBELTHOLD,100
2022-11-17,CDLLONGLINE,100
2022-11-17,CDLMARUBOZU,100
2022-11-17,CDLCLOSINGMARUBOZU,100
2022-11-18,CDLBELTHOLD,100
2022-11-21,CDLCOUNTERATTACK,-100
2022-11-21,CDLBELTHOLD,-100
2022-11-21,CDLLONGLINE,-100
2022-11-21,CDLMARUBOZU,-100
2022-11-21,CDLCLOSINGMARUBOZU,-100
2022-11-22,CDLHIKKAKE,100
2022-11-22,CDLBELTHOLD,-100
2022-11-23,CDLCLOSINGMARUBOZU,100
2022-11-23,CDLPIERCING,100
2022-11-25,CDLSHORTLINE,100
2022-11-28,CDLHAMMER,100
2022-11-29,CDLSHORTLINE,100
2022-11-29,CDLTAKURI,100
2022-11-29,CDLHIGHWAVE,100
2022-11-29,CDLINVERTEDHAMMER,100
2022-11-29,CDLLONGLEGGEDDOJI,100
2022-11-29,CDLDOJI,100
2022-11-29,CDLSPINNINGTOP,100
2022-11-29,CDLHAMMER,100
2022-11-29,CDLRICKSHAWMAN,100
2022-11-30,CDLSHORTLINE,-100
2022-11-30,CDLHIKKAKE,-100
2022-12-01,CDLDOJI,100
2022-12-01,CDLSHORTLINE,-100
2022-12-01,CDLHANGINGMAN,-100
2022-12-01,CDLHAMMER,100
2022-12-01,CDLLONGLEGGEDDOJI,100
2022-12-02,CDLSHORTLINE,-100
2022-12-02,CDLHIKKAKE,-100
2022-12-05,CDLHAMMER,100
2022-12-07,CDLLONGLEGGEDDOJI,100
2022-12-07,CDLSHORTLINE,100
2022-12-07,CDLHIKKAKE,100
2022-12-07,CDLTAKURI,100
2022-12-07,CDLDOJI,100
2022-12-07,CDLDRAGONFLYDOJI,100
2022-12-07,CDLHAMMER,100
2022-12-08,CDLCLOSINGMARUBOZU,100
2022-12-08,CDLHIKKAKE,200
2022-12-09,CDLBELTHOLD,-100
2022-12-09,CDLLONGLINE,-100
2022-12-09,CDLMARUBOZU,-100
2022-12-09,CDLCLOSINGMARUBOZU,-100
2022-12-12,CDLTHRUSTING,-100
2022-12-12,CDLBELTHOLD,100
2022-12-13,CDLSHORTLINE,-100
2022-12-13,CDLDOJISTAR,-100
2022-12-13,CDLDOJI,100
2022-12-14,CDLHIKKAKE,-100
2022-12-14,CDLSHORTLINE,-100
2022-12-15,CDLSHORTLINE,-100
2022-12-16,CDLHAMMER,100
2022-12-16,CDLLONGLEGGEDDOJI,100
2022-12-16,CDLDOJI,100
2022-12-16,CDLTAKURI,100
2022-12-16,CDLHIKKAKE,-200
2022-12-16,CDLDRAGONFLYDOJI,100
2022-12-19,CDLBELTHOLD,100
2022-12-20,CDLSHORTLINE,100
2022-12-20,CDLDOJI,100
2022-12-20,CDLDOJISTAR,-100
2022-12-21,CDLHIKKAKE,100
2022-12-21,CDLBELTHOLD,100
2022-12-21,CDLCLOSINGMARUBOZU,100
2022-12-21,CDLLONGLINE,100
2022-12-21,CDLMARUBOZU,100
2022-12-22,CDLCLOSINGMARUBOZU,-100
2022-12-22,CDLBELTHOLD,-100
2022-12-22,CDLMARUBOZU,-100
2022-12-22,CDLDARKCLOUDCOVER,-100
2022-12-22,CDLLONGLINE,-100
2022-12-23,CDLBELTHOLD,100
2022-12-23,CDLPIERCING,100
2022-12-26,CDLSHORTLINE,100
2022-12-26,CDLDOJI,100
2022-12-26,CDLDOJISTAR,-100
2022-12-26,CDLHIKKAKE,200
2022-12-28,CDLBELTHOLD,-100
2022-12-29,CDLBELTHOLD,-100
2023-01-03,CDLHAMMER,100
2023-01-05,CDLSHORTLINE,-100
2023-01-06,CDLHIKKAKE,100
2023-01-06,CDLINVERTEDHAMMER,100
2023-01-06,CDLLONGLEGGEDDOJI,100
2023-01-06,CDLDOJI,100
2023-01-06,CDLGRAVESTONEDOJI,100
2023-01-09,CDLSHORTLINE,100
2023-01-09,CDLDOJI,100
2023-01-09,CDLLONGLEGGEDDOJI,100
2023-01-09,CDLINVERTEDHAMMER,100
2023-01-10,CDLSHORTLINE,-100
2023-01-11,CDLSHORTLINE,-100
2023-01-12,CDLBELTHOLD,-100
2023-01-12,CDLLONGLINE,-100
2023-01-12,CDLCLOSINGMARUBOZU,-100
2023-01-12,CDLMARUBOZU,-100
2023-01-13,CDLLONGLINE,100
2023-01-13,CDLCLOSINGMARUBOZU,100
2023-01-13,CDLMARUBOZU,100
2023-01-13,CDLBELTHOLD,100
2023-01-16,CDLBELTHOLD,-100
2023-01-16,CDLLONGLINE,-100
2023-01-16,CDLCLOSINGMARUBOZU,-100
2023-01-16,CDLMARUBOZU,-100
2023-01-17,CDLHARAMI,100
2023-01-17,CDLHOMINGPIGEON,100
2023-01-30,CDLHIKKAKE,100
2023-01-30,CDLHAMMER,100
2023-02-01,CDLSHORTLINE,-100
2023-02-02,CDLBELTHOLD,100
2023-02-03,CDLHARAMI,-100
2023-02-06,CDLMARUBOZU,100
2023-02-06,CDLCLOSINGMARUBOZU,100
2023-02-06,CDLBELTHOLD,100
2023-02-06,CDLENGULFING,100
2023-02-06,CDLLONGLINE,100
2023-02-07,CDLCLOSINGMARUBOZU,-100
2023-02-07,CDLDARKCLOUDCOVER,-100
2023-02-07,CDLBELTHOLD,-100
2023-02-07,CDLLONGLINE,-100
2023-02-07,CDLMARUBOZU,-100
2023-02-08,CDLTAKURI,100
2023-02-08,CDLDOJI,100
2023-02-08,CDLDRAGONFLYDOJI,100
2023-02-08,CDLLONGLEGGEDDOJI,100
2023-02-08,CDLHARAMI,100
2023-02-08,CDLHARAMICROSS,100
2023-02-09,CDLLONGLINE,100
2023-02-09,CDL3INSIDE,100
2023-02-09,CDLMARUBOZU,100
2023-02-09,CDLCLOSINGMARUBOZU,100
2023-02-09,CDLBELTHOLD,100
2023-02-09,CDLHIKKAKE,-100
2023-02-10,CDLBELTHOLD,-100
2023-02-14,CDLMORNINGSTAR,100
2023-02-14,CDLBELTHOLD,100
2023-02-14,CDLHIKKAKE,-100
2023-02-15,CDLLONGLEGGEDDOJI,100
2023-02-15,CDLHIGHWAVE,100
2023-02-15,CDLDOJI,100
2023-02-15,CDLSPINNINGTOP,100
2023-02-16,CDLLONGLEGGEDDOJI,100
2023-02-16,CDLHIGHWAVE,100
2023-02-16,CDLSPINNINGTOP,100
2023-02-16,CDLDOJI,100
2023-02-17,CDLBELTHOLD,-100
2023-02-17,CDLCLOSINGMARUBOZU,-100
2023-02-17,CDLENGULFING,-100
2023-02-17,CDLLONGLINE,-100
2023-02-17,CDLMARUBOZU,-100
2023-02-20,CDLHAMMER,100
2023-02-20,CDL3OUTSIDE,-100
2023-02-21,CDLSHORTLINE,100
2023-02-23,CDLSHORTLINE,100
2023-02-24,CDLCLOSINGMARUBOZU,-100
2023-03-02,CDLSPINNINGTOP,100
2023-03-03,CDLBELTHOLD,-100
2023-03-03,CDLLONGLINE,-100
2023-03-03,CDLCLOSINGMARUBOZU,-100
2023-03-03,CDLMARUBOZU,-100
2023-03-03,CDLENGULFING,-100
2023-03-06,CDLSHORTLINE,100
2023-03-07,CDLHANGINGMAN,-100
2023-03-09,CDLSHOOTINGSTAR,-100
2023-03-10,CDLXSIDEGAP3METHODS,100
2023-03-10,CDLBELTHOLD,-100
2023-03-13,CDLDOJISTAR,100
2023-03-13,CDLHIGHWAVE,100
2023-03-13,CDLDOJI,100
2023-03-13,CDLLONGLEGGEDDOJI,100
2023-03-13,CDLSPINNINGTOP,100
2023-03-14,CDLCLOSINGMARUBOZU,100
2023-03-14,CDLLONGLINE,100
2023-03-14,CDLMARUBOZU,100
2023-03-14,CDLBELTHOLD,100
2023-03-15,CDLMARUBOZU,-100
2023-03-15,CDLBELTHOLD,-100
2023-03-15,CDLCLOSINGMARUBOZU,-100
2023-03-15,CDLLONGLINE,-100
2023-03-15,CDLHIKKAKE,-100
2023-03-16,CDLSHORTLINE,100
2023-03-17,CDLSHORTLINE,-100
2023-03-22,CDLSHORTLINE,100
2023-03-23,CDLMARUBOZU,100
2023-03-23,CDLCLOSINGMARUBOZU,100
2023-03-23,CDLBELTHOLD,100
2023-03-23,CDLLONGLINE,100
2023-03-24,CDLBELTHOLD,-100
2023-03-27,CDLSHORTLINE,-100
2023-03-30,CDLSHORTLINE,-100
2023-04-06,CDLSHORTLINE,-100
2023-04-07,CDLHIKKAKE,100
2023-04-07,CDLINVERTEDHAMMER,100
2023-04-10,CDLLONGLINE,100
2023-04-10,CDLBELTHOLD,100
2023-04-10,CDLMARUBOZU,100
2023-04-10,CDLCLOSINGMARUBOZU,100
2023-04-11,CDLHANGINGMAN,-100
2023-04-12,CDLLONGLINE,-100
2023-04-12,CDLMARUBOZU,-100
2023-04-12,CDLBELTHOLD,-100
2023-04-12,CDLCLOSINGMARUBOZU,-100
2023-04-12,CDL2CROWS,-100
2023-04-13,CDLHIKKAKE,-100
2023-04-14,CDLDOJI,100
2023-04-14,CDLSPINNINGTOP,100
2023-04-14,CDLRICKSHAWMAN,100
2023-04-14,CDLLONGLEGGEDDOJI,100
2023-04-14,CDLHIGHWAVE,100
2023-04-17,CDLENGULFING,-100
2023-04-17,CDLLONGLINE,-100
2023-04-17,CDLBELTHOLD,-100
2023-04-18,CDLBELTHOLD,100
2023-04-18,CDLTHRUSTING,-100
2023-04-20,CDLBELTHOLD,-100
2023-04-21,CDLSHORTLINE,-100
2023-04-24,CDLHAMMER,100
2023-04-25,CDLTAKURI,100
2023-04-25,CDLSHORTLINE,100
2023-04-25,CDLLONGLEGGEDDOJI,100
2023-04-25,CDLDOJI,100
2023-04-26,CDLMARUBOZU,100
2023-04-26,CDLBELTHOLD,100
2023-04-26,CDLCLOSINGMARUBOZU,100
2023-04-26,CDLLONGLINE,100
2023-04-27,CDLSHORTLINE,100
2023-04-27,CDLHARAMI,-100
2023-04-28,CDLSHORTLINE,100
2023-04-28,CDLHIKKAKE,-100
2023-04-28,CDLDOJI,100
2023-05-02,CDLSHORTLINE,100
2023-05-02,CDLDOJI,100
2023-05-03,CDLCLOSINGMARUBOZU,100
2023-05-03,CDLBELTHOLD,100
2023-05-03,CDLMARUBOZU,100
2023-05-03,CDLLONGLINE,100
2023-05-04,CDLDOJI,100
2023-05-04,CDLLONGLEGGEDDOJI,100
2023-05-04,CDLTAKURI,100
2023-05-04,CDLHANGINGMAN,-100
2023-05-04,CDLDOJISTAR,-100
2023-05-04,CDLDRAGONFLYDOJI,100
2023-05-05,CDLDRAGONFLYDOJI,100
2023-05-05,CDLHANGINGMAN,-100
2023-05-05,CDLLONGLEGGEDDOJI,100
2023-05-05,CDLDOJI,100
2023-05-05,CDLTAKURI,100
2023-05-09,CDLMARUBOZU,-100
2023-05-09,CDLCLOSINGMARUBOZU,-100
2023-05-09,CDLBELTHOLD,-100
2023-05-09,CDLLONGLINE,-100
2023-05-10,CDLHARAMI,100
2023-05-10,CDLHARAMICROSS,100
2023-05-10,CDLRICKSHAWMAN,100
2023-05-10,CDLDOJI,100
2023-05-10,CDLLONGLEGGEDDOJI,100
2023-05-10,CDLSPINNINGTOP,100
2023-05-10,CDLHIGHWAVE,100
2023-05-11,CDLCLOSINGMARUBOZU,-100
2023-05-11,CDLMARUBOZU,-100
2023-05-11,CDLBELTHOLD,-100
2023-05-11,CDLLONGLINE,-100
2023-05-12,CDLLONGLEGGEDDOJI,100
2023-05-12,CDLONNECK,-100
2023-05-12,CDLDOJI,100
2023-05-12,CDLSPINNINGTOP,100
2023-05-12,CDLDOJISTAR,100
2023-05-12,CDLHIGHWAVE,100
2023-05-15,CDLSHORTLINE,-100
2023-05-16,CDLENGULFING,100
2023-05-17,CDL3OUTSIDE,100
2023-05-17,CDLSHORTLINE,100
2023-05-18,CDLSHORTLINE,100
2023-05-23,CDLHIKKAKE,100
2023-05-24,CDLSHORTLINE,100
2023-05-25,CDLHIKKAKE,-100
2023-05-25,CDLCLOSINGMARUBOZU,100
2023-05-25,CDLBELTHOLD,100
2023-05-25,CDLMARUBOZU,100
2023-05-25,CDLLONGLINE,100
2023-05-26,CDLHANGINGMAN,-100
2023-05-29,CDLHANGINGMAN,-100
2023-05-29,CDLDRAGONFLYDOJI,100
2023-05-29,CDLTAKURI,100
2023-05-29,CDLLONGLEGGEDDOJI,100
2023-05-29,CDLDOJI,100
2023-05-30,CDLBELTHOLD,-100
2023-05-30,CDLENGULFING,-100
2023-05-31,CDL3OUTSIDE,-100
2023-06-02,CDLHIGHWAVE,-100
2023-06-02,CDLSPINNINGTOP,-100
2023-06-05,CDLHIKKAKE,100
2023-06-05,CDLHAMMER,100
2023-06-06,CDLSHORTLINE,100
2023-06-07,CDLHIKKAKE,-100
2023-06-07,CDLBELTHOLD,100
2023-06-07,CDLLONGLINE,100
2023-06-08,CDLDARKCLOUDCOVER,-100
2023-06-08,CDLBELTHOLD,-100
2023-06-08,CDLLONGLINE,-100
2023-06-09,CDLDOJI,100
2023-06-09,CDLLONGLEGGEDDOJI,100
2023-06-09,CDLSPINNINGTOP,100
2023-06-09,CDLRICKSHAWMAN,100
2023-06-12,CDLSHORTLINE,100
2023-06-13,CDLSHOOTINGSTAR,-100
2023-06-14,CDLHAMMER,100
2023-06-15,CDLMARUBOZU,100
2023-06-15,CDLLONGLINE,100
2023-06-15,CDLCLOSINGMARUBOZU,100
2023-06-15,CDLSEPARATINGLINES,100
2023-06-15,CDLBELTHOLD,100
2023-06-16,CDLHANGINGMAN,-100
2023-06-16,CDLDOJI,100
2023-06-16,CDLTAKURI,100
2023-06-16,CDLDOJISTAR,-100
2023-06-16,CDLLONGLEGGEDDOJI,100
2023-06-16,CDLDRAGONFLYDOJI,100
2023-06-19,CDLLONGLINE,100
2023-06-19,CDLMARUBOZU,100
2023-06-19,CDLCLOSINGMARUBOZU,100
2023-06-19,CDLBELTHOLD,100
2023-06-20,CDLBELTHOLD,-100
2023-06-21,CDLMARUBOZU,100
2023-06-21,CDLENGULFING,100
2023-06-21,CDLCLOSINGMARUBOZU,100
2023-06-21,CDLLONGLINE,100
2023-06-21,CDLBELTHOLD,100
2023-06-30,CDLSHORTLINE,100
2023-07-03,CDLBELTHOLD,100
2023-07-04,CDLSHORTLINE,100
2023-07-04,CDLHARAMI,-100
2023-07-05,CDLDOJI,100
2023-07-05,CDLTAKURI,100
2023-07-05,CDLDRAGONFLYDOJI,100
2023-07-05,CDLLONGLEGGEDDOJI,100
2023-07-05,CDLHANGINGMAN,-100
2023-07-06,CDLINVERTEDHAMMER,100
2023-07-10,CDLCLOSINGMARUBOZU,100
2023-07-10,CDLMARUBOZU,100
2023-07-10,CDLLONGLINE,100
2023-07-10,CDLBELTHOLD,100
2023-07-11,CDLLONGLINE,100
2023-07-11,CDLMARUBOZU,100
2023-07-11,CDLBELTHOLD,100
2023-07-11,CDLCLOSINGMARUBOZU,100
2023-07-12,CDLBELTHOLD,100
2023-07-13,CDLCLOSINGMARUBOZU,-100
2023-07-17,CDLCLOSINGMARUBOZU,100
2023-07-17,CDLLONGLINE,100
2023-07-17,CDLBELTHOLD,100
2023-07-17,CDLMARUBOZU,100
2023-07-17,CDLENGULFING,100
2023-07-18,CDLDARKCLOUDCOVER,-100
2023-07-18,CDLBELTHOLD,-100
2023-07-19,CDLLONGLINE,100
2023-07-19,CDLMARUBOZU,100
2023-07-19,CDLCLOSINGMARUBOZU,100
2023-07-19,CDLBELTHOLD,100
2023-07-21,CDLSPINNINGTOP,100
2023-07-24,CDLMARUBOZU,-100
2023-07-24,CDLLONGLINE,-100
2023-07-24,CDLENGULFING,-100
2023-07-24,CDLBELTHOLD,-100
2023-07-24,CDLCLOSINGMARUBOZU,-100
2023-07-25,CDLSHORTLINE,100
2023-07-26,CDLSHORTLINE,-100
2023-07-28,CDLCLOSINGMARUBOZU,100
2023-07-31,CDLENGULFING,-100
2023-08-01,CDL3OUTSIDE,-100
2023-08-07,CDLDOJI,100
2023-08-07,CDLSHORTLINE,100
2023-08-07,CDLLONGLEGGEDDOJI,100
2023-08-07,CDLGRAVESTONEDOJI,100
2023-08-08,CDLSHORTLINE,-100
2023-08-08,CDLHIKKAKE,100
2023-08-09,CDLSHORTLINE,100
2023-08-10,CDLSHORTLINE,-100
2023-08-11,CDLINVERTEDHAMMER,100
2023-08-14,CDLLONGLINE,-100
2023-08-14,CDLMARUBOZU,-100
2023-08-14,CDLBELTHOLD,-100
2023-08-14,CDLCLOSINGMARUBOZU,-100
2023-08-15,CDLLONGLEGGEDDOJI,100
2023-08-15,CDLSPINNINGTOP,100
2023-08-15,CDLRICKSHAWMAN,100
2023-08-15,CDLDOJISTAR,100
2023-08-15,CDLDOJI,100
2023-08-15,CDLHIGHWAVE,100
2023-08-16,CDLSHORTLINE,100
2023-08-16,CDLLONGLEGGEDDOJI,100
2023-08-16,CDLINVERTEDHAMMER,100
2023-08-16,CDLDOJI,100
2023-08-17,CDLBELTHOLD,100
2023-08-17,CDLMARUBOZU,100
2023-08-17,CDLLONGLINE,100
2023-08-17,CDLCLOSINGMARUBOZU,100
2023-08-18,CDLHARAMI,-100
2023-08-18,CDLDOJI,100
2023-08-18,CDLHARAMICROSS,-100
2023-08-18,CDLGRAVESTONEDOJI,100
2023-08-18,CDLLONGLEGGEDDOJI,100
2023-08-21,CDLTAKURI,100
2023-08-21,CDLSHORTLINE,100
2023-08-21,CDLLONGLEGGEDDOJI,100
2023-08-21,CDLHAMMER,100
2023-08-21,CDLDOJI,100
2023-08-22,CDLDOJI,100
2023-08-22,CDLSHORTLINE,-100
2023-08-23,CDLMARUBOZU,-100
2023-08-23,CDLCLOSINGMARUBOZU,-100
2023-08-23,CDLLONGLINE,-100
2023-08-23,CDLBELTHOLD,-100
2023-08-24,CDLLONGLINE,100
2023-08-24,CDLBELTHOLD,100
2023-08-24,CDLMARUBOZU,100
2023-08-24,CDLCLOSINGMARUBOZU,100
2023-08-25,CDLHARAMI,-100
2023-08-28,CDLBELTHOLD,-100
2023-08-28,CDLHIKKAKE,100
2023-08-30,CDLSHOOTINGSTAR,-100
2023-08-30,CDLHIKKAKE,-100
2023-08-31,CDLSHORTLINE,-100
2023-09-01,CDLBELTHOLD,100
2023-09-01,CDLLONGLINE,100
2023-09-01,CDLMARUBOZU,100
2023-09-01,CDLCLOSINGMARUBOZU,100
2023-09-01,CDLENGULFING,100
2023-09-04,CDLHARAMI,-100
2023-09-05,CDLSHORTLINE,100
2023-09-05,CDLHIKKAKE,-100
2023-09-06,CDLSHORTLINE,-100
2023-09-06,CDLHIKKAKE,-200
2023-09-06,CDLDOJI,100
2023-09-08,CDLENGULFING,100
2023-09-08,CDLBELTHOLD,100
2023-09-11,CDLBELTHOLD,-100
2023-09-11,CDLCLOSINGMARUBOZU,-100
2023-09-11,CDLMARUBOZU,-100
2023-09-11,CDLLONGLINE,-100
2023-09-12,CDLDOJISTAR,100
2023-09-12,CDLSHORTLINE,100
2023-09-12,CDLDOJI,100
2023-09-12,CDLHIKKAKE,100
2023-09-13,CDLCLOSINGMARUBOZU,100
2023-09-14,CDLHARAMI,-100
2023-09-15,CDL3INSIDE,-100
2023-09-18,CDLBELTHOLD,100
2023-09-19,CDLBELTHOLD,-100
2023-09-20,CDLCLOSINGMARUBOZU,-100
2023-09-20,CDLBELTHOLD,-100
2023-09-20,CDLMARUBOZU,-100
2023-09-20,CDLLONGLINE,-100
2023-09-21,CDLBELTHOLD,-100
2023-09-22,CDLSPINNINGTOP,100
2023-09-22,CDLDOJISTAR,100
2023-09-22,CDLDOJI,100
2023-09-22,CDLLONGLEGGEDDOJI,100
2023-09-22,CDLHIGHWAVE,100
2023-09-22,CDLRICKSHAWMAN,100
2023-09-25,CDLMORNINGDOJISTAR,100
2023-09-25,CDLLONGLINE,100
2023-09-25,CDLMORNINGSTAR,100
2023-09-25,CDLMARUBOZU,100
2023-09-25,CDLBELTHOLD,100
2023-09-25,CDLCLOSINGMARUBOZU,100
2023-09-26,CDLSPINNINGTOP,100
2023-09-27,CDLMARUBOZU,100
2023-09-27,CDLBELTHOLD,100
2023-09-27,CDLCLOSINGMARUBOZU,100
2023-09-27,CDLLONGLINE,100
2023-09-28,CDLHARAMI,-100
2023-10-02,CDLLONGLEGGEDDOJI,100
2023-10-02,CDLDOJI,100
2023-10-02,CDLGRAVESTONEDOJI,100
2023-10-02,CDLHIKKAKE,-100
2023-10-03,CDLHIKKAKE,-200
2023-10-03,CDLINVERTEDHAMMER,100
2023-10-04,CDLSHORTLINE,100
2023-10-06,CDLLONGLINE,-100
2023-10-06,CDLCLOSINGMARUBOZU,-100
2023-10-06,CDLBELTHOLD,-100
2023-10-06,CDLMARUBOZU,-100
2023-10-11,CDLTAKURI,100
2023-10-11,CDLHAMMER,100
2023-10-11,CDLDRAGONFLYDOJI,100
2023-10-11,CDLDOJI,100
2023-10-11,CDLLONGLEGGEDDOJI,100
2023-10-12,CDLSEPARATINGLINES,100
2023-10-12,CDLBELTHOLD,100
2023-10-13,CDLSHORTLINE,-100
2023-10-16,CDLSHORTLINE,-100
2023-10-17,CDLLONGLINE,-100
2023-10-17,CDLMARUBOZU,-100
2023-10-17,CDLBELTHOLD,-100
2023-10-17,CDLCLOSINGMARUBOZU,-100
2023-10-18,CDLMARUBOZU,-100
2023-10-18,CDLBELTHOLD,-100
2023-10-18,CDLCLOSINGMARUBOZU,-100
2023-10-18,CDLLONGLINE,-100
2023-10-19,CDLHAMMER,100
2023-10-20,CDLHAMMER,100
2023-10-20,CDLLONGLEGGEDDOJI,100
2023-10-20,CDLSHORTLINE,100
2023-10-20,CDLDOJI,100
2023-10-20,CDLTAKURI,100
2023-10-20,CDLDRAGONFLYDOJI,100
2023-10-23,CDLENGULFING,-100
2023-10-23,CDLLONGLINE,-100
2023-10-24,CDLHOMINGPIGEON,100
2023-10-24,CDLHARAMI,100
2023-10-25,CDLHAMMER,100
2023-10-25,CDLDOJI,100
2023-10-25,CDLDRAGONFLYDOJI,100
2023-10-25,CDLLONGLEGGEDDOJI,100
2023-10-25,CDLTAKURI,100
2023-10-26,CDLLONGLINE,100
2023-10-26,CDLMARUBOZU,100
2023-10-26,CDLCLOSINGMARUBOZU,100
2023-10-26,CDLBELTHOLD,100
2023-10-27,CDLCLOSINGMARUBOZU,100
2023-10-30,CDLCLOSINGMARUBOZU,100
2023-10-30,CDLMARUBOZU,100
2023-10-30,CDLBELTHOLD,100
2023-10-30,CDLLONGLINE,100
2023-10-31,CDLENGULFING,-100
2023-11-01,CDLBELTHOLD,-100
2023-11-01,CDL3OUTSIDE,-100
2023-11-02,CDLBELTHOLD,100
2023-11-02,CDLCLOSINGMARUBOZU,100
2023-11-02,CDLLONGLINE,100
2023-11-02,CDLMARUBOZU,100
2023-11-03,CDLDOJI,100
2023-11-03,CDLSHOOTINGSTAR,-100
2023-11-03,CDLSPINNINGTOP,100
2023-11-03,CDLGRAVESTONEDOJI,100
2023-11-03,CDLRICKSHAWMAN,100
2023-11-03,CDLLONGLEGGEDDOJI,100
2023-11-03,CDLDOJISTAR,-100
2023-11-03,CDLHIGHWAVE,100
2023-11-06,CDLCLOSINGMARUBOZU,-100
2023-11-06,CDLEVENINGSTAR,-100
2023-11-06,CDLEVENINGDOJISTAR,-100
2023-11-08,CDLHAMMER,100
2023-11-09,CDLSHORTLINE,-100
2023-11-10,CDLSHORTLINE,-100
2023-11-13,CDLSHORTLINE,100
2023-11-14,CDLBELTHOLD,100
2023-11-15,CDLSHORTLINE,-100
2023-11-16,CDLHIKKAKE,100
2023-11-16,CDLBELTHOLD,100
2023-11-17,CDLHARAMI,-100
2023-11-17,CDLTAKURI,100
2023-11-17,CDLLONGLEGGEDDOJI,100
2023-11-17,CDLDOJI,100
2023-11-17,CDLSHORTLINE,-100
2023-11-17,CDLHARAMICROSS,-100
2023-11-21,CDLSHORTLINE,100
2023-11-23,CDLCLOSINGMARUBOZU,-100
2023-11-24,CDLSPINNINGTOP,100
2023-11-27,CDLHAMMER,100
2023-11-28,CDLSHORTLINE,100
2023-11-29,CDLDOJI,100
2023-11-29,CDLRICKSHAWMAN,100
2023-11-29,CDLSHOOTINGSTAR,-100
2023-11-29,CDLSPINNINGTOP,100
2023-11-29,CDLHIGHWAVE,100
2023-11-29,CDLGRAVESTONEDOJI,100
2023-11-29,CDLLONGLEGGEDDOJI,100
2023-11-30,CDLDOJI,100
2023-11-30,CDLSHORTLINE,-100
2023-12-01,CDLDRAGONFLYDOJI,100
2023-12-01,CDLHAMMER,100
2023-12-01,CDLHANGINGMAN,-100
2023-12-01,CDLTAKURI,100
2023-12-01,CDLDOJI,100
2023-12-01,CDLLONGLEGGEDDOJI,100
2023-12-04,CDLSHORTLINE,100
2023-12-05,CDLCLOSINGMARUBOZU,100
2023-12-05,CDLLONGLINE,100
2023-12-06,CDLDOJI,100
2023-12-06,CDLLONGLEGGEDDOJI,100
2023-12-06,CDLHIGHWAVE,100
2023-12-06,CDLSPINNINGTOP,100
2023-12-07,CDLSHORTLINE,100
2023-12-08,CDLBELTHOLD,-100
2023-12-08,CDLSEPARATINGLINES,-100
2023-12-08,CDLLONGLINE,-100
2023-12-08,CDLMARUBOZU,-100
2023-12-08,CDLCLOSINGMARUBOZU,-100
2023-12-08,CDLHIKKAKE,100
2023-12-11,CDLSHORTLINE,-100
2023-12-12,CDLHAMMER,100
2023-12-13,CDLBELTHOLD,-100
2023-12-14,CDLCLOSINGMARUBOZU,100
2023-12-14,CDLMARUBOZU,100
2023-12-14,CDLLONGLINE,100
2023-12-14,CDLBELTHOLD,100
2023-12-15,CDLSHORTLINE,100
2023-12-15,CDLDOJISTAR,-100
2023-12-15,CDLHIKKAKE,-100
2023-12-15,CDLDOJI,100
2023-12-18,CDLSHORTLINE,100
2023-12-18,CDLDOJI,100
2023-12-18,CDLGAPSIDESIDEWHITE,100
2023-12-19,CDLCLOSINGMARUBOZU,100
2023-12-20,CDLBELTHOLD,-100
2023-12-21,CDLLONGLEGGEDDOJI,100
2023-12-21,CDLDOJI,100
2023-12-21,CDLGRAVESTONEDOJI,100
2023-12-22,CDLDOJI,100
2023-12-22,CDLSHORTLINE,100
2023-12-25,CDLTRISTAR,-100
2023-12-25,CDLHAMMER,100
2023-12-25,CDLDOJI,100
2023-12-25,CDLHIKKAKE,100
2023-12-25,CDLDRAGONFLYDOJI,100
2023-12-25,CDLLONGLEGGEDDOJI,100
2023-12-25,CDLTAKURI,100
2023-12-25,CDLHIKKAKEMOD,100
2023-12-25,CDLSHORTLINE,100
2023-12-26,CDLBELTHOLD,100
2023-12-26,CDLHIKKAKEMOD,200
2023-12-26,CDLCLOSINGMARUBOZU,100
2023-12-26,CDLLONGLINE,100
2023-12-26,CDLHIKKAKE,200
2023-12-26,CDLMARUBOZU,100
2023-12-27,CDLCLOSINGMARUBOZU,100
2023-12-27,CDLMARUBOZU,100
2023-12-27,CDLLONGLINE,100
2023-12-27,CDLBELTHOLD,100
2023-12-28,CDLLONGLINE,100
2023-12-28,CDLBELTHOLD,100
2023-12-29,CDLHARAMI,-100
2023-12-29,CDLHARAMICROSS,-100
2023-12-29,CDLSHORTLINE,100
2023-12-29,CDLDOJI,100
2024-01-02,CDLHIKKAKE,100
2024-01-02,CDL3INSIDE,-100
2024-01-04,CDLMATCHINGLOW,100
2024-01-04,CDLSHORTLINE,-100
2024-01-05,CDLSHORTLINE,-100
2024-01-08,CDLSHORTLINE,100
2024-01-09,CDLBELTHOLD,100
2024-01-10,CDLLONGLINE,-100
2024-01-10,CDLMARUBOZU,-100
2024-01-10,CDLENGULFING,-100
2024-01-10,CDLCLOSINGMARUBOZU,-100
2024-01-10,CDLBELTHOLD,-100
2024-01-11,CDLDOJI,100
2024-01-11,CDLSHORTLINE,100
2024-01-12,CDLLONGLEGGEDDOJI,100
2024-01-12,CDLDOJI,100
2024-01-12,CDLHANGINGMAN,-100
2024-01-12,CDLTAKURI,100
2024-01-12,CDLDRAGONFLYDOJI,100
2024-01-15,CDLSHOOTINGSTAR,-100
2024-01-16,CDLBELTHOLD,-100
2024-01-17,CDLBELTHOLD,-100
2024-01-17,CDLLONGLINE,-100
2024-01-18,CDLTHRUSTING,-100
2024-01-23,CDLBELTHOLD,-100
2024-01-23,CDLHIKKAKE,-100
2024-01-24,CDLSHORTLINE,-100
2024-01-25,CDLSHORTLINE,100
2024-01-25,CDLHIKKAKE,-100
2024-01-26,CDLCLOSINGMARUBOZU,-100
2024-01-26,CDLBELTHOLD,-100
2024-01-26,CDLENGULFING,-100
2024-01-26,CDLLONGLINE,-100
2024-01-26,CDLMARUBOZU,-100
2024-01-29,CDLSHORTLINE,100
2024-01-29,CDL3OUTSIDE,-100
2024-01-29,CDLDOJISTAR,100
2024-01-29,CDLHIKKAKE,-200
2024-01-29,CDLDOJI,100
2024-01-31,CDLSHORTLINE,100
2024-01-31,CDLDOJI,100
2024-02-01,CDLMARUBOZU,-100
2024-02-01,CDLLONGLINE,-100
2024-02-01,CDLENGULFING,-100
2024-02-01,CDLCLOSINGMARUBOZU,-100
2024-02-01,CDLBELTHOLD,-100
2024-02-02,CDL3OUTSIDE,-100
2024-02-02,CDLBELTHOLD,-100
2024-02-05,CDLHARAMI,100
2024-02-05,CDLHIGHWAVE,100
2024-02-05,CDLSPINNINGTOP,100
2024-02-16,CDLBELTHOLD,100
2024-02-20,CDLHARAMI,100
2024-02-21,CDLINVERTEDHAMMER,100
2024-02-21,CDLHIKKAKE,100
2024-02-22,CDLLONGLINE,100
2024-02-22,CDLBELTHOLD,100
2024-02-22,CDLHIKKAKE,200
2024-02-23,CDLLONGLINE,-100
2024-02-23,CDLCLOSINGMARUBOZU,-100
2024-02-23,CDLMARUBOZU,-100
2024-02-23,CDLBELTHOLD,-100
2024-02-26,CDLSHORTLINE,100
2024-02-26,CDLLONGLEGGEDDOJI,100
2024-02-26,CDLDOJI,100
2024-02-26,CDLHIGHWAVE,100
2024-02-26,CDLRICKSHAWMAN,100
2024-02-26,CDLSPINNINGTOP,100
2024-02-27,CDLHAMMER,100
2024-02-27,CDLLONGLEGGEDDOJI,100
2024-02-27,CDLHANGINGMAN,-100
2024-02-27,CDLTAKURI,100
2024-02-27,CDLDRAGONFLYDOJI,100
2024-02-27,CDLDOJI,100
2024-02-29,CDLINVERTEDHAMMER,100
2024-03-01,CDLGRAVESTONEDOJI,100
2024-03-01,CDLLONGLEGGEDDOJI,100
2024-03-01,CDLDOJI,100
2024-03-04,CDLLONGLINE,100
2024-03-04,CDLBELTHOLD,100
2024-03-04,CDLHIKKAKE,-100
2024-03-04,CDLCLOSINGMARUBOZU,100
2024-03-04,CDLMARUBOZU,100
2024-03-05,CDLLONGLINE,-100
2024-03-05,CDLBELTHOLD,-100
2024-03-06,CDLHIKKAKE,100
2024-03-06,CDLHAMMER,100
2024-03-07,CDLINVERTEDHAMMER,100
2024-03-11,CDLTASUKIGAP,100
2024-03-12,CDLMATCHINGLOW,100
2024-03-13,CDLBELTHOLD,-100
2024-03-13,CDLMARUBOZU,-100
2024-03-13,CDLCLOSINGMARUBOZU,-100
2024-03-13,CDLLONGLINE,-100
2024-03-14,CDLDOJISTAR,100
2024-03-14,CDLLONGLEGGEDDOJI,100
2024-03-14,CDLHAMMER,100
2024-03-14,CDLDRAGONFLYDOJI,100
2024-03-14,CDLDOJI,100
2024-03-14,CDLTAKURI,100
2024-03-14,CDLHIKKAKE,100
2024-03-15,CDLDOJI,100
2024-03-15,CDLSHORTLINE,-100
2024-03-18,CDLLONGLEGGEDDOJI,100
2024-03-18,CDLDOJI,100
2024-03-18,CDLSHORTLINE,100
2024-03-19,CDLDOJI,100
2024-03-19,CDLSHORTLINE,100
2024-03-21,CDLBELTHOLD,100
2024-03-21,CDLPIERCING,100
2024-03-22,CDLLONGLINE,100
2024-03-22,CDLMARUBOZU,100
2024-03-22,CDLCLOSINGMARUBOZU,100
2024-03-22,CDLBELTHOLD,100
